16,17,18,19,32,33,34,35,48,49,50,51,64,65,66,67,80,81,82,83,96,97,98,0000
99,12,13,14,15,28,29,30,31,44,45,46,47,60,61,62,63,76,77,78,79,92,93,0001
94,95,8,9,10,11,24,25,26,27,40,41,42,43,56,57,58,59,72,73,74,75,88,0002
89,90,91,4,5,6,7,20,21,22,23,36,37,38,39,52,53,54,55,68,69,70,71,0003
84,85,86,87,0,1,2,3,16,17,18,19,32,33,34,35,48,49,50,51,64,65,66,0004
67,80,81,82,83,96,97,98,99,12,13,14,15,28,29,30,31,44,45,46,47,60,61,0005
62,63,76,77,78,79,92,93,94,95,8,9,10,11,24,25,26,27,40,41,42,43,56,0006
57,58,59,72,73,74,75,88,89,90,91,4,5,6,7,20,21,22,23,36,37,38,39,0007
52,53,54,55,68,69,70,71,84,85,86,87,0,1,2,3,16,17,18,19,32,33,34,0008
35,48,49,50,51,64,65,66,67,80,81,82,83,96,97,98,99,12,13,14,15,28,29,0009
30,31,44,45,46,47,60,61,62,63,76,77,78,79,92,93,94,95,8,9,10,11,24,0010
25,26,27,40,41,42,43,56,57,58,59,72,73,74,75,88,89,90,91,4,5,6,7,0011
20,21,22,23,36,37,38,39,52,53,54,55,68,69,70,71,84,85,86,87,0,1,2,0012
3,16,17,18,19,32,33,34,35,48,49,50,51,64,65,66,67,80,81,82,83,96,97,0013
98,99,12,13,14,15,28,29,30,31,44,45,46,47,60,61,62,63,76,77,78,79,92,0014
93,94,95,8,9,10,11,24,25,26,27,40,41,42,43,56,57,58,59,72,73,74,75,0015
88,89,90,91,4,5,6,7,20,21,22,23,36,37,38,39,52,53,54,55,68,69,70,0016
71,84,85,86,87,0,1,2,3,16,17,18,19,32,33,34,35,48,49,50,51,64,65,0017
66,67,80,81,82,83,96,97,98,99,12,13,14,15,28,29,30,31,44,45,46,47,60,0018
61,62,63,76,77,78,79,92,93,94,95,8,9,10,11,24,25,26,27,40,41,42,43,0019
56,57,58,59,72,73,74,75,88,89,90,91,4,5,6,7,20,21,22,23,36,37,38,0020
39,52,53,54,55,68,69,70,71,84,85,86,87,0,1,2,3,16,17,18,19,32,33,0021
34,35,48,49,50,51,64,65,66,67,80,81,82,83,96,97,98,99,12,13,14,15,28,0022
29,30,31,44,45,46,47,60,61,62,63,76,77,78,79,92,93,94,95,8,9,10,11,0023
24,25,26,27,40,41,42,43,56,57,58,59,72,73,74,75,88,89,90,91,4,5,6,0024
7,20,21,22,23,36,37,38,39,52,53,54,55,68,69,70,71,84,85,86,87,0,1,0025
2,3,16,17,18,19,32,33,34,35,48,49,50,51,64,65,66,67,80,81,82,83,96,0026
97,98,99,12,13,14,15,28,29,30,31,44,45,46,47,60,61,62,63,76,77,78,79,0027
92,93,94,95,8,9,10,11,24,25,26,27,40,41,42,43,56,57,58,59,72,73,74,0028
75,88,89,90,91,4,5,6,7,20,21,22,23,36,37,38,39,52,53,54,55,68,69,0029
70,71,84,85,86,87,0,1,2,3,16,17,18,19,32,33,34,35,48,49,50,51,64,0030
65,66,67,80,81,82,83,96,97,98,99,12,13,14,15,28,29,30,31,44,45,46,47,0031
60,61,62,63,76,77,78,79,92,93,94,95,8,9,10,11,24,25,26,27,40,41,42,0032
43,56,57,58,59,72,73,74,75,88,89,90,91,4,5,6,7,20,21,22,23,36,37,0033
38,39,52,53,54,55,68,69,70,71,84,85,86,87,0,1,2,3,16,17,18,19,32,0034
33,34,35,48,49,50,51,64,65,66,67,80,81,82,83,96,97,98,99,12,13,14,15,0035
28,29,30,31,44,45,46,47,60,61,62,63,76,77,78,79,92,93,94,95,8,9,10,0036
11,24,25,26,27,40,41,42,43,56,57,58,59,72,73,74,75,88,89,90,91,4,5,0037
6,7,20,21,22,23,36,37,38,39,52,53,54,55,68,69,70,71,84,85,86,87,0,0038
1,2,3,16,17,18,19,32,33,34,35,48,49,50,51,64,65,66,67,80,81,82,83,0039
96,97,98,99,12,13,14,15,28,29,30,31,44,45,46,47,60,61,62,63,76,77,78,0040
79,92,93,94,95,8,9,10,11,24,25,26,27,40,41,42,43,56,57,58,59,72,73,0041
74,75,88,89,90,91,4,5,6,7,20,21,22,23,36,37,38,39,52,53,54,55,68,0042
69,70,71,84,85,86,87,0,1,2,3,16,17,18,19,32,33,34,35,48,49,50,51,0043
64,65,66,67,80,81,82,83,96,97,98,99,12,13,14,15,28,29,30,31,44,45,46,0044
47,60,61,62,63,76,77,78,79,92,93,94,95,8,9,10,11,24,25,26,27,40,41,0045
42,43,56,57,58,59,72,73,74,75,88,89,90,91,4,5,6,7,20,21,22,23,36,0046
37,38,39,52,53,54,55,68,69,70,71,84,85,86,87,0,1,2,3,16,17,18,19,0047
32,33,34,35,48,49,50,51,64,65,66,67,80,81,82,83,96,97,98,99,12,13,14,0048
15,28,29,30,31,44,45,46,47,60,61,62,63,76,77,78,79,92,93,94,95,8,9,0049
10,11,24,25,26,27,40,41,42,43,56,57,58,59,72,73,74,75,88,89,90,91,4,0050
5,6,7,20,21,22,23,36,37,38,39,52,53,54,55,68,69,70,71,84,85,86,87,0051
0,1,2,3,16,17,18,19,32,33,34,35,48,49,50,51,64,65,66,67,80,81,82,0052
83,96,97,98,99,12,13,14,15,28,29,30,31,44,45,46,47,60,61,62,63,76,77,0053
78,79,92,93,94,95,8,9,10,11,24,25,26,27,40,41,42,43,56,57,58,59,72,0054
73,74,75,88,89,90,91,4,5,6,7,20,21,22,23,36,37,38,39,52,53,54,55,0055
68,69,70,71,84,85,86,87,0,1,2,3,16,17,18,19,32,33,34,35,48,49,50,0056
51,64,65,66,67,80,81,82,83,96,97,98,99,12,13,14,15,28,29,30,31,44,45,0057
46,47,60,61,62,63,76,77,78,79,92,93,94,95,8,9,10,11,24,25,26,27,40,0058
41,42,43,56,57,58,59,72,73,74,75,88,89,90,91,4,5,6,7,20,21,22,23,0059
36,37,38,39,52,53,54,55,68,69,70,71,84,85,86,87,0,1,2,3,16,17,18,0060
19,32,33,34,35,48,49,50,51,64,65,66,67,80,81,82,83,96,97,98,99,12,13,0061
14,15,28,29,30,31,44,45,46,47,60,61,62,63,76,77,78,79,92,93,94,95,8,0062
9,10,11,24,25,26,27,40,41,42,43,56,57,58,59,72,73,74,75,88,89,90,91,0063
4,5,6,7,20,21,22,23,36,37,38,39,52,53,54,55,68,69,70,71,84,85,86,0064
87,0,1,2,3,16,17,18,19,32,33,34,35,48,49,50,51,64,65,66,67,80,81,0065
82,83,96,97,98,99,12,13,14,15,28,29,30,31,44,45,46,47,60,61,62,63,76,0066
77,78,79,92,93,94,95,8,9,10,11,24,25,26,27,40,41,42,43,56,57,58,59,0067
72,73,74,75,88,89,90,91,4,5,6,7,20,21,22,23,36,37,38,39,52,53,54,0068
55,68,69,70,71,84,85,86,87,0,1,2,3,16,17,18,19,32,33,34,35,48,49,0069
50,51,64,65,66,67,80,81,82,83,96,97,98,99,12,13,14,15,28,29,30,31,44,0070
45,46,47,60,61,62,63,76,77,78,79,92,93,94,95,8,9,10,11,24,25,26,27,0071
40,41,42,43,56,57,58,59,72,73,74,75,88,89,90,91,4,5,6,7,20,21,22,0072
23,36,37,38,39,52,53,54,55,68,69,70,71,84,85,86,87,0,1,2,3,16,17,0073
18,19,32,33,34,35,48,49,50,51,64,65,66,67,80,81,82,83,96,97,98,99,12,0074
13,14,15,28,29,30,31,44,45,46,47,60,61,62,63,76,77,78,79,92,93,94,95,0075
8,9,10,11,24,25,26,27,40,41,42,43,56,57,58,59,72,73,74,75,88,89,90,0076
91,4,5,6,7,20,21,22,23,36,37,38,39,52,53,54,55,68,69,70,71,84,85,0077
86,87,0,1,2,3,16,17,18,19,32,33,34,35,48,49,50,51,64,65,66,67,80,0078
81,82,83,96,97,98,99,12,13,14,15,28,29,30,31,44,45,46,47,60,61,62,63,0079
76,77,78,79,92,93,94,95,8,9,10,11,24,25,26,27,40,41,42,43,56,57,58,0080
59,72,73,74,75,88,89,90,91,4,5,6,7,20,21,22,23,36,37,38,39,52,53,0081
54,55,68,69,70,71,84,85,86,87,0,1,2,3,16,17,18,19,32,33,34,35,48,0082
49,50,51,64,65,66,67,80,81,82,83,96,97,98,99,12,13,14,15,28,29,30,31,0083
44,45,46,47,60,61,62,63,76,77,78,79,92,93,94,95,8,9,10,11,24,25,26,0084
27,40,41,42,43,56,57,58,59,72,73,74,75,88,89,90,91,4,5,6,7,20,21,0085
22,23,36,37,38,39,52,53,54,55,68,69,70,71,84,85,86,87,0,1,2,3,16,0086
17,18,19,32,33,34,35,48,49,50,51,64,65,66,67,80,81,82,83,96,97,98,99,0087
12,13,14,15,28,29,30,31,44,45,46,47,60,61,62,63,76,77,78,79,92,93,94,0088
95,8,9,10,11,24,25,26,27,40,41,42,43,56,57,58,59,72,73,74,75,88,89,0089
90,91,4,5,6,7,20,21,22,23,36,37,38,39,52,53,54,55,68,69,70,71,84,0090
85,86,87,0,1,2,3,16,17,18,19,32,33,34,35,48,49,50,51,64,65,66,67,0091
80,81,82,83,96,97,98,99,12,13,14,15,28,29,30,31,44,45,46,47,60,61,62,0092
63,76,77,78,79,92,93,94,95,8,9,10,11,24,25,26,27,40,41,42,43,56,57,0093
58,59,72,73,74,75,88,89,90,91,4,5,6,7,20,21,22,23,36,37,38,39,52,0094
53,54,55,68,69,70,71,84,85,86,87,0,1,2,3,16,17,18,19,32,33,34,35,0095
48,49,50,51,64,65,66,67,80,81,82,83,96,97,98,99,12,13,14,15,28,29,30,0096
31,44,45,46,47,60,61,62,63,76,77,78,79,92,93,94,95,8,9,10,11,24,25,0097
26,27,40,41,42,43,56,57,58,59,72,73,74,75,88,89,90,91,4,5,6,7,20,0098
21,22,23,36,37,38,39,52,53,54,55,68,69,70,71,84,85,86,87,0,1,2,3,0099
16,17,18,19,32,33,34,35,48,49,50,51,64,65,66,67,80,81,82,83,96,97,98,0100
99,12,13,14,15,28,29,30,31,44,45,46,47,60,61,62,63,76,77,78,79,92,93,0101
94,95,8,9,10,11,24,25,26,27,40,41,42,43,56,57,58,59,72,73,74,75,88,0102
89,90,91,4,5,6,7,20,21,22,23,36,37,38,39,52,53,54,55,68,69,70,71,0103
84,85,86,87,0,1,2,3,16,17,18,19,32,33,34,35,48,49,50,51,64,65,66,0104
67,80,81,82,83,96,97,98,99,12,13,14,15,28,29,30,31,44,45,46,47,60,61,0105
62,63,76,77,78,79,92,93,94,95,8,9,10,11,24,25,26,27,40,41,42,43,56,0106
57,58,59,72,73,74,75,88,89,90,91,4,5,6,7,20,21,22,23,36,37,38,39,0107
52,53,54,55,68,69,70,71,84,85,86,87,0,1,2,3,16,17,18,19,32,33,34,0108
35,48,49,50,51,64,65,66,67,80,81,82,83,96,97,98,99,12,13,14,15,28,29,0109
30,31,44,45,46,47,60,61,62,63,76,77,78,79,92,93,94,95,8,9,10,11,24,0110
25,26,27,40,41,42,43,56,57,58,59,72,73,74,75,88,89,90,91,4,5,6,7,0111
20,21,22,23,36,37,38,39,52,53,54,55,68,69,70,71,84,85,86,87,0,1,2,0112
3,16,17,18,19,32,33,34,35,48,49,50,51,64,65,66,67,80,81,82,83,96,97,0113
98,99,12,13,14,15,28,29,30,31,44,45,46,47,60,61,62,63,76,77,78,79,92,0114
93,94,95,8,9,10,11,24,25,26,27,40,41,42,43,56,57,58,59,72,73,74,75,0115
88,89,90,91,4,5,6,7,20,21,22,23,36,37,38,39,52,53,54,55,68,69,70,0116
71,84,85,86,87,0,1,2,3,16,17,18,19,32,33,34,35,48,49,50,51,64,65,0117
66,67,80,81,82,83,96,97,98,99,12,13,14,15,28,29,30,31,44,45,46,47,60,0118
61,62,63,76,77,78,79,92,93,94,95,8,9,10,11,24,25,26,27,40,41,42,43,0119
56,57,58,59,72,73,74,75,88,89,90,91,4,5,6,7,20,21,22,23,36,37,38,0120
39,52,53,54,55,68,69,70,71,84,85,86,87,0,1,2,3,16,17,18,19,32,33,0121
34,35,48,49,50,51,64,65,66,67,80,81,82,83,96,97,98,99,12,13,14,15,28,0122
29,30,31,44,45,46,47,60,61,62,63,76,77,78,79,92,93,94,95,8,9,10,11,0123
24,25,26,27,40,41,42,43,56,57,58,59,72,73,74,75,88,89,90,91,4,5,6,0124
7,20,21,22,23,36,37,38,39,52,53,54,55,68,69,70,71,84,85,86,87,0,1,0125
2,3,16,17,18,19,32,33,34,35,48,49,50,51,64,65,66,67,80,81,82,83,96,0126
97,98,99,12,13,14,15,28,29,30,31,44,45,46,47,60,61,62,63,76,77,78,79,0127
92,93,94,95,8,9,10,11,24,25,26,27,40,41,42,43,56,57,58,59,72,73,74,0128
75,88,89,90,91,4,5,6,7,20,21,22,23,36,37,38,39,52,53,54,55,68,69,0129
70,71,84,85,86,87,0,1,2,3,16,17,18,19,32,33,34,35,48,49,50,51,64,0130
65,66,67,80,81,82,83,96,97,98,99,12,13,14,15,28,29,30,31,44,45,46,47,0131
60,61,62,63,76,77,78,79,92,93,94,95,8,9,10,11,24,25,26,27,40,41,42,0132
43,56,57,58,59,72,73,74,75,88,89,90,91,4,5,6,7,20,21,22,23,36,37,0133
38,39,52,53,54,55,68,69,70,71,84,85,86,87,0,1,2,3,16,17,18,19,32,0134
33,34,35,48,49,50,51,64,65,66,67,80,81,82,83,96,97,98,99,12,13,14,15,0135
28,29,30,31,44,45,46,47,60,61,62,63,76,77,78,79,92,93,94,95,8,9,10,0136
11,24,25,26,27,40,41,42,43,56,57,58,59,72,73,74,75,88,89,90,91,4,5,0137
6,7,20,21,22,23,36,37,38,39,52,53,54,55,68,69,70,71,84,85,86,87,0,0138
1,2,3,16,17,18,19,32,33,34,35,48,49,50,51,64,65,66,67,80,81,82,83,0139
96,97,98,99,12,13,14,15,28,29,30,31,44,45,46,47,60,61,62,63,76,77,78,0140
79,92,93,94,95,8,9,10,11,24,25,26,27,40,41,42,43,56,57,58,59,72,73,0141
74,75,88,89,90,91,4,5,6,7,20,21,22,23,36,37,38,39,52,53,54,55,68,0142
69,70,71,84,85,86,87,0,1,2,3,16,17,18,19,32,33,34,35,48,49,50,51,0143
64,65,66,67,80,81,82,83,96,97,98,99,12,13,14,15,28,29,30,31,44,45,46,0144
47,60,61,62,63,76,77,78,79,92,93,94,95,8,9,10,11,24,25,26,27,40,41,0145
42,43,56,57,58,59,72,73,74,75,88,89,90,91,4,5,6,7,20,21,22,23,36,0146
37,38,39,52,53,54,55,68,69,70,71,84,85,86,87,0,1,2,3,16,17,18,19,0147
32,33,34,35,48,49,50,51,64,65,66,67,80,81,82,83,96,97,98,99,12,13,14,0148
15,28,29,30,31,44,45,46,47,60,61,62,63,76,77,78,79,92,93,94,95,8,9,0149
10,11,24,25,26,27,40,41,42,43,56,57,58,59,72,73,74,75,88,89,90,91,4,0150
5,6,7,20,21,22,23,36,37,38,39,52,53,54,55,68,69,70,71,84,85,86,87,0151
0,1,2,3,16,17,18,19,32,33,34,35,48,49,50,51,64,65,66,67,80,81,82,0152
83,96,97,98,99,12,13,14,15,28,29,30,31,44,45,46,47,60,61,62,63,76,77,0153
78,79,92,93,94,95,8,9,10,11,24,25,26,27,40,41,42,43,56,57,58,59,72,0154
73,74,75,88,89,90,91,4,5,6,7,20,21,22,23,36,37,38,39,52,53,54,55,0155
68,69,70,71,84,85,86,87,0,1,2,3,16,17,18,19,32,33,34,35,48,49,50,0156
51,64,65,66,67,80,81,82,83,96,97,98,99,12,13,14,15,28,29,30,31,44,45,0157
46,47,60,61,62,63,76,77,78,79,92,93,94,95,8,9,10,11,24,25,26,27,40,0158
41,42,43,56,57,58,59,72,73,74,75,88,89,90,91,4,5,6,7,20,21,22,23,0159
36,37,38,39,52,53,54,55,68,69,70,71,84,85,86,87,0,1,2,3,16,17,18,0160
19,32,33,34,35,48,49,50,51,64,65,66,67,80,81,82,83,96,97,98,99,12,13,0161
14,15,28,29,30,31,44,45,46,47,60,61,62,63,76,77,78,79,92,93,94,95,8,0162
9,10,11,24,25,26,27,40,41,42,43,56,57,58,59,72,73,74,75,88,89,90,91,0163
4,5,6,7,20,21,22,23,36,37,38,39,52,53,54,55,68,69,70,71,84,85,86,0164
87,0,1,2,3,16,17,18,19,32,33,34,35,48,49,50,51,64,65,66,67,80,81,0165
82,83,96,97,98,99,12,13,14,15,28,29,30,31,44,45,46,47,60,61,62,63,76,0166
77,78,79,92,93,94,95,8,9,10,11,24,25,26,27,40,41,42,43,56,57,58,59,0167
72,73,74,75,88,89,90,91,4,5,6,7,20,21,22,23,36,37,38,39,52,53,54,0168
55,68,69,70,71,84,85,86,87,0,1,2,3,16,17,18,19,32,33,34,35,48,49,0169
50,51,64,65,66,67,80,81,82,83,96,97,98,99,12,13,14,15,28,29,30,31,44,0170
45,46,47,60,61,62,63,76,77,78,79,92,93,94,95,8,9,10,11,24,25,26,27,0171
40,41,42,43,56,57,58,59,72,73,74,75,88,89,90,91,4,5,6,7,20,21,22,0172
23,36,37,38,39,52,53,54,55,68,69,70,71,84,85,86,87,0,1,2,3,16,17,0173
18,19,32,33,34,35,48,49,50,51,64,65,66,67,80,81,82,83,96,97,98,99,12,0174
13,14,15,28,29,30,31,44,45,46,47,60,61,62,63,76,77,78,79,92,93,94,95,0175
8,9,10,11,24,25,26,27,40,41,42,43,56,57,58,59,72,73,74,75,88,89,90,0176
91,4,5,6,7,20,21,22,23,36,37,38,39,52,53,54,55,68,69,70,71,84,85,0177
86,87,0,1,2,3,16,17,18,19,32,33,34,35,48,49,50,51,64,65,66,67,80,0178
81,82,83,96,97,98,99,12,13,14,15,28,29,30,31,44,45,46,47,60,61,62,63,0179
76,77,78,79,92,93,94,95,8,9,10,11,24,25,26,27,40,41,42,43,56,57,58,0180
59,72,73,74,75,88,89,90,91,4,5,6,7,20,21,22,23,36,37,38,39,52,53,0181
54,55,68,69,70,71,84,85,86,87,0,1,2,3,16,17,18,19,32,33,34,35,48,0182
49,50,51,64,65,66,67,80,81,82,83,96,97,98,99,12,13,14,15,28,29,30,31,0183
44,45,46,47,60,61,62,63,76,77,78,79,92,93,94,95,8,9,10,11,24,25,26,0184
27,40,41,42,43,56,57,58,59,72,73,74,75,88,89,90,91,4,5,6,7,20,21,0185
22,23,36,37,38,39,52,53,54,55,68,69,70,71,84,85,86,87,0,1,2,3,16,0186
17,18,19,32,33,34,35,48,49,50,51,64,65,66,67,80,81,82,83,96,97,98,99,0187
12,13,14,15,28,29,30,31,44,45,46,47,60,61,62,63,76,77,78,79,92,93,94,0188
95,8,9,10,11,24,25,26,27,40,41,42,43,56,57,58,59,72,73,74,75,88,89,0189
90,91,4,5,6,7,20,21,22,23,36,37,38,39,52,53,54,55,68,69,70,71,84,0190
85,86,87,0,1,2,3,16,17,18,19,32,33,34,35,48,49,50,51,64,65,66,67,0191
80,81,82,83,96,97,98,99,12,13,14,15,28,29,30,31,44,45,46,47,60,61,62,0192
63,76,77,78,79,92,93,94,95,8,9,10,11,24,25,26,27,40,41,42,43,56,57,0193
58,59,72,73,74,75,88,89,90,91,4,5,6,7,20,21,22,23,36,37,38,39,52,0194
53,54,55,68,69,70,71,84,85,86,87,0,1,2,3,16,17,18,19,32,33,34,35,0195
48,49,50,51,64,65,66,67,80,81,82,83,96,97,98,99,12,13,14,15,28,29,30,0196
31,44,45,46,47,60,61,62,63,76,77,78,79,92,93,94,95,8,9,10,11,24,25,0197
26,27,40,41,42,43,56,57,58,59,72,73,74,75,88,89,90,91,4,5,6,7,20,0198
21,22,23,36,37,38,39,52,53,54,55,68,69,70,71,84,85,86,87,0,1,2,3,0199
16,17,18,19,32,33,34,35,48,49,50,51,64,65,66,67,80,81,82,83,96,97,98,0200
99,12,13,14,15,28,29,30,31,44,45,46,47,60,61,62,63,76,77,78,79,92,93,0201
94,95,8,9,10,11,24,25,26,27,40,41,42,43,56,57,58,59,72,73,74,75,88,0202
89,90,91,4,5,6,7,20,21,22,23,36,37,38,39,52,53,54,55,68,69,70,71,0203
84,85,86,87,0,1,2,3,16,17,18,19,32,33,34,35,48,49,50,51,64,65,66,0204
67,80,81,82,83,96,97,98,99,12,13,14,15,28,29,30,31,44,45,46,47,60,61,0205
62,63,76,77,78,79,92,93,94,95,8,9,10,11,24,25,26,27,40,41,42,43,56,0206
57,58,59,72,73,74,75,88,89,90,91,4,5,6,7,20,21,22,23,36,37,38,39,0207
52,53,54,55,68,69,70,71,84,85,86,87,0,1,2,3,16,17,18,19,32,33,34,0208
35,48,49,50,51,64,65,66,67,80,81,82,83,96,97,98,99,12,13,14,15,28,29,0209
30,31,44,45,46,47,60,61,62,63,76,77,78,79,92,93,94,95,8,9,10,11,24,0210
25,26,27,40,41,42,43,56,57,58,59,72,73,74,75,88,89,90,91,4,5,6,7,0211
20,21,22,23,36,37,38,39,52,53,54,55,68,69,70,71,84,85,86,87,0,1,2,0212
3,16,17,18,19,32,33,34,35,48,49,50,51,64,65,66,67,80,81,82,83,96,97,0213
98,99,12,13,14,15,28,29,30,31,44,45,46,47,60,61,62,63,76,77,78,79,92,0214
93,94,95,8,9,10,11,24,25,26,27,40,41,42,43,56,57,58,59,72,73,74,75,0215
88,89,90,91,4,5,6,7,20,21,22,23,36,37,38,39,52,53,54,55,68,69,70,0216
71,84,85,86,87,0,1,2,3,16,17,18,19,32,33,34,35,48,49,50,51,64,65,0217
66,67,80,81,82,83,96,97,98,99,12,13,14,15,28,29,30,31,44,45,46,47,60,0218
61,62,63,76,77,78,79,92,93,94,95,8,9,10,11,24,25,26,27,40,41,42,43,0219
56,57,58,59,72,73,74,75,88,89,90,91,4,5,6,7,20,21,22,23,36,37,38,0220
39,52,53,54,55,68,69,70,71,84,85,86,87,0,1,2,3,16,17,18,19,32,33,0221
34,35,48,49,50,51,64,65,66,67,80,81,82,83,96,97,98,99,12,13,14,15,28,0222
29,30,31,44,45,46,47,60,61,62,63,76,77,78,79,92,93,94,95,8,9,10,11,0223
24,25,26,27,40,41,42,43,56,57,58,59,72,73,74,75,88,89,90,91,4,5,6,0224
7,20,21,22,23,36,37,38,39,52,53,54,55,68,69,70,71,84,85,86,87,0,1,0225
2,3,16,17,18,19,32,33,34,35,48,49,50,51,64,65,66,67,80,81,82,83,96,0226
97,98,99,12,13,14,15,28,29,30,31,44,45,46,47,60,61,62,63,76,77,78,79,0227
92,93,94,95,8,9,10,11,24,25,26,27,40,41,42,43,56,57,58,59,72,73,74,0228
75,88,89,90,91,4,5,6,7,20,21,22,23,36,37,38,39,52,53,54,55,68,69,0229
70,71,84,85,86,87,0,1,2,3,16,17,18,19,32,33,34,35,48,49,50,51,64,0230
65,66,67,80,81,82,83,96,97,98,99,12,13,14,15,28,29,30,31,44,45,46,47,0231
60,61,62,63,76,77,78,79,92,93,94,95,8,9,10,11,24,25,26,27,40,41,42,0232
43,56,57,58,59,72,73,74,75,88,89,90,91,4,5,6,7,20,21,22,23,36,37,0233
38,39,52,53,54,55,68,69,70,71,84,85,86,87,0,1,2,3,16,17,18,19,32,0234
33,34,35,48,49,50,51,64,65,66,67,80,81,82,83,96,97,98,99,12,13,14,15,0235
28,29,30,31,44,45,46,47,60,61,62,63,76,77,78,79,92,93,94,95,8,9,10,0236
11,24,25,26,27,40,41,42,43,56,57,58,59,72,73,74,75,88,89,90,91,4,5,0237
6,7,20,21,22,23,36,37,38,39,52,53,54,55,68,69,70,71,84,85,86,87,0,0238
1,2,3,16,17,18,19,32,33,34,35,48,49,50,51,64,65,66,67,80,81,82,83,0239
96,97,98,99,12,13,14,15,28,29,30,31,44,45,46,47,60,61,62,63,76,77,78,0240
79,92,93,94,95,8,9,10,11,24,25,26,27,40,41,42,43,56,57,58,59,72,73,0241
74,75,88,89,90,91,4,5,6,7,20,21,22,23,36,37,38,39,52,53,54,55,68,0242
69,70,71,84,85,86,87,0,1,2,3,16,17,18,19,32,33,34,35,48,49,50,51,0243
64,65,66,67,80,81,82,83,96,97,98,99,12,13,14,15,28,29,30,31,44,45,46,0244
47,60,61,62,63,76,77,78,79,92,93,94,95,8,9,10,11,24,25,26,27,40,41,0245
42,43,56,57,58,59,72,73,74,75,88,89,90,91,4,5,6,7,20,21,22,23,36,0246
37,38,39,52,53,54,55,68,69,70,71,84,85,86,87,0,1,2,3,16,17,18,19,0247
32,33,34,35,48,49,50,51,64,65,66,67,80,81,82,83,96,97,98,99,12,13,14,0248
15,28,29,30,31,44,45,46,47,60,61,62,63,76,77,78,79,92,93,94,95,8,9,0249
10,11,24,25,26,27,40,41,42,43,56,57,58,59,72,73,74,75,88,89,90,91,4,0250
5,6,7,20,21,22,23,36,37,38,39,52,53,54,55,68,69,70,71,84,85,86,87,0251
0,1,2,3,16,17,18,19,32,33,34,35,48,49,50,51,64,65,66,67,80,81,82,0252
83,96,97,98,99,12,13,14,15,28,29,30,31,44,45,46,47,60,61,62,63,76,77,0253
78,79,92,93,94,95,8,9,10,11,24,25,26,27,40,41,42,43,56,57,58,59,72,0254
73,74,75,88,89,90,91,4,5,6,7,20,21,22,23,36,37,38,39,52,53,54,55,0255
68,69,70,71,84,85,86,87,0,1,2,3,16,17,18,19,32,33,34,35,48,49,50,0256
51,64,65,66,67,80,81,82,83,96,97,98,99,12,13,14,15,28,29,30,31,44,45,0257
46,47,60,61,62,63,76,77,78,79,92,93,94,95,8,9,10,11,24,25,26,27,40,0258
41,42,43,56,57,58,59,72,73,74,75,88,89,90,91,4,5,6,7,20,21,22,23,0259
36,37,38,39,52,53,54,55,68,69,70,71,84,85,86,87,0,1,2,3,16,17,18,0260
19,32,33,34,35,48,49,50,51,64,65,66,67,80,81,82,83,96,97,98,99,12,13,0261
14,15,28,29,30,31,44,45,46,47,60,61,62,63,76,77,78,79,92,93,94,95,8,0262
9,10,11,24,25,26,27,40,41,42,43,56,57,58,59,72,73,74,75,88,89,90,91,0263
4,5,6,7,20,21,22,23,36,37,38,39,52,53,54,55,68,69,70,71,84,85,86,0264
87,0,1,2,3,16,17,18,19,32,33,34,35,48,49,50,51,64,65,66,67,80,81,0265
82,83,96,97,98,99,12,13,14,15,28,29,30,31,44,45,46,47,60,61,62,63,76,0266
77,78,79,92,93,94,95,8,9,10,11,24,25,26,27,40,41,42,43,56,57,58,59,0267
72,73,74,75,88,89,90,91,4,5,6,7,20,21,22,23,36,37,38,39,52,53,54,0268
55,68,69,70,71,84,85,86,87,0,1,2,3,16,17,18,19,32,33,34,35,48,49,0269
50,51,64,65,66,67,80,81,82,83,96,97,98,99,12,13,14,15,28,29,30,31,44,0270
45,46,47,60,61,62,63,76,77,78,79,92,93,94,95,8,9,10,11,24,25,26,27,0271
40,41,42,43,56,57,58,59,72,73,74,75,88,89,90,91,4,5,6,7,20,21,22,0272
23,36,37,38,39,52,53,54,55,68,69,70,71,84,85,86,87,0,1,2,3,16,17,0273
18,19,32,33,34,35,48,49,50,51,64,65,66,67,80,81,82,83,96,97,98,99,12,0274
13,14,15,28,29,30,31,44,45,46,47,60,61,62,63,76,77,78,79,92,93,94,95,0275
8,9,10,11,24,25,26,27,40,41,42,43,56,57,58,59,72,73,74,75,88,89,90,0276
91,4,5,6,7,20,21,22,23,36,37,38,39,52,53,54,55,68,69,70,71,84,85,0277
86,87,0,1,2,3,16,17,18,19,32,33,34,35,48,49,50,51,64,65,66,67,80,0278
81,82,83,96,97,98,99,12,13,14,15,28,29,30,31,44,45,46,47,60,61,62,63,0279
76,77,78,79,92,93,94,95,8,9,10,11,24,25,26,27,40,41,42,43,56,57,58,0280
59,72,73,74,75,88,89,90,91,4,5,6,7,20,21,22,23,36,37,38,39,52,53,0281
54,55,68,69,70,71,84,85,86,87,0,1,2,3,16,17,18,19,32,33,34,35,48,0282
49,50,51,64,65,66,67,80,81,82,83,96,97,98,99,12,13,14,15,28,29,30,31,0283
44,45,46,47,60,61,62,63,76,77,78,79,92,93,94,95,8,9,10,11,24,25,26,0284
27,40,41,42,43,56,57,58,59,72,73,74,75,88,89,90,91,4,5,6,7,20,21,0285
22,23,36,37,38,39,52,53,54,55,68,69,70,71,84,85,86,87,0,1,2,3,16,0286
17,18,19,32,33,34,35,48,49,50,51,64,65,66,67,80,81,82,83,96,97,98,99,0287
12,13,14,15,28,29,30,31,44,45,46,47,60,61,62,63,76,77,78,79,92,93,94,0288
95,8,9,10,11,24,25,26,27,40,41,42,43,56,57,58,59,72,73,74,75,88,89,0289
90,91,4,5,6,7,20,21,22,23,36,37,38,39,52,53,54,55,68,69,70,71,84,0290
85,86,87,0,1,2,3,16,17,18,19,32,33,34,35,48,49,50,51,64,65,66,67,0291
80,81,82,83,96,97,98,99,12,13,14,15,28,29,30,31,44,45,46,47,60,61,62,0292
63,76,77,78,79,92,93,94,95,8,9,10,11,24,25,26,27,40,41,42,43,56,57,0293
58,59,72,73,74,75,88,89,90,91,4,5,6,7,20,21,22,23,36,37,38,39,52,0294
53,54,55,68,69,70,71,84,85,86,87,0,1,2,3,16,17,18,19,32,33,34,35,0295
48,49,50,51,64,65,66,67,80,81,82,83,96,97,98,99,12,13,14,15,28,29,30,0296
31,44,45,46,47,60,61,62,63,76,77,78,79,92,93,94,95,8,9,10,11,24,25,0297
26,27,40,41,42,43,56,57,58,59,72,73,74,75,88,89,90,91,4,5,6,7,20,0298
21,22,23,36,37,38,39,52,53,54,55,68,69,70,71,84,85,86,87,0,1,2,3,0299
16,17,18,19,32,33,34,35,48,49,50,51,64,65,66,67,80,81,82,83,96,97,98,0300
99,12,13,14,15,28,29,30,31,44,45,46,47,60,61,62,63,76,77,78,79,92,93,0301
94,95,8,9,10,11,24,25,26,27,40,41,42,43,56,57,58,59,72,73,74,75,88,0302
89,90,91,4,5,6,7,20,21,22,23,36,37,38,39,52,53,54,55,68,69,70,71,0303
84,85,86,87,0,1,2,3,16,17,18,19,32,33,34,35,48,49,50,51,64,65,66,0304
67,80,81,82,83,96,97,98,99,12,13,14,15,28,29,30,31,44,45,46,47,60,61,0305
62,63,76,77,78,79,92,93,94,95,8,9,10,11,24,25,26,27,40,41,42,43,56,0306
57,58,59,72,73,74,75,88,89,90,91,4,5,6,7,20,21,22,23,36,37,38,39,0307
52,53,54,55,68,69,70,71,84,85,86,87,0,1,2,3,16,17,18,19,32,33,34,0308
35,48,49,50,51,64,65,66,67,80,81,82,83,96,97,98,99,12,13,14,15,28,29,0309
30,31,44,45,46,47,60,61,62,63,76,77,78,79,92,93,94,95,8,9,10,11,24,0310
25,26,27,40,41,42,43,56,57,58,59,72,73,74,75,88,89,90,91,4,5,6,7,0311
20,21,22,23,36,37,38,39,52,53,54,55,68,69,70,71,84,85,86,87,0,1,2,0312
3,16,17,18,19,32,33,34,35,48,49,50,51,64,65,66,67,80,81,82,83,96,97,0313
98,99,12,13,14,15,28,29,30,31,44,45,46,47,60,61,62,63,76,77,78,79,92,0314
93,94,95,8,9,10,11,24,25,26,27,40,41,42,43,56,57,58,59,72,73,74,75,0315
88,89,90,91,4,5,6,7,20,21,22,23,36,37,38,39,52,53,54,55,68,69,70,0316
71,84,85,86,87,0,1,2,3,16,17,18,19,32,33,34,35,48,49,50,51,64,65,0317
66,67,80,81,82,83,96,97,98,99,12,13,14,15,28,29,30,31,44,45,46,47,60,0318
61,62,63,76,77,78,79,92,93,94,95,8,9,10,11,24,25,26,27,40,41,42,43,0319
56,57,58,59,72,73,74,75,88,89,90,91,4,5,6,7,20,21,22,23,36,37,38,0320
39,52,53,54,55,68,69,70,71,84,85,86,87,0,1,2,3,16,17,18,19,32,33,0321
34,35,48,49,50,51,64,65,66,67,80,81,82,83,96,97,98,99,12,13,14,15,28,0322
29,30,31,44,45,46,47,60,61,62,63,76,77,78,79,92,93,94,95,8,9,10,11,0323
24,25,26,27,40,41,42,43,56,57,58,59,72,73,74,75,88,89,90,91,4,5,6,0324
7,20,21,22,23,36,37,38,39,52,53,54,55,68,69,70,71,84,85,86,87,0,1,0325
2,3,16,17,18,19,32,33,34,35,48,49,50,51,64,65,66,67,80,81,82,83,96,0326
97,98,99,12,13,14,15,28,29,30,31,44,45,46,47,60,61,62,63,76,77,78,79,0327
92,93,94,95,8,9,10,11,24,25,26,27,40,41,42,43,56,57,58,59,72,73,74,0328
75,88,89,90,91,4,5,6,7,20,21,22,23,36,37,38,39,52,53,54,55,68,69,0329
70,71,84,85,86,87,0,1,2,3,16,17,18,19,32,33,34,35,48,49,50,51,64,0330
65,66,67,80,81,82,83,96,97,98,99,12,13,14,15,28,29,30,31,44,45,46,47,0331
60,61,62,63,76,77,78,79,92,93,94,95,8,9,10,11,24,25,26,27,40,41,42,0332
43,56,57,58,59,72,73,74,75,88,89,90,91,4,5,6,7,20,21,22,23,36,37,0333
38,39,52,53,54,55,68,69,70,71,84,85,86,87,0,1,2,3,16,17,18,19,32,0334
33,34,35,48,49,50,51,64,65,66,67,80,81,82,83,96,97,98,99,12,13,14,15,0335
28,29,30,31,44,45,46,47,60,61,62,63,76,77,78,79,92,93,94,95,8,9,10,0336
11,24,25,26,27,40,41,42,43,56,57,58,59,72,73,74,75,88,89,90,91,4,5,0337
6,7,20,21,22,23,36,37,38,39,52,53,54,55,68,69,70,71,84,85,86,87,0,0338
1,2,3,16,17,18,19,32,33,34,35,48,49,50,51,64,65,66,67,80,81,82,83,0339
96,97,98,99,12,13,14,15,28,29,30,31,44,45,46,47,60,61,62,63,76,77,78,0340
79,92,93,94,95,8,9,10,11,24,25,26,27,40,41,42,43,56,57,58,59,72,73,0341
74,75,88,89,90,91,4,5,6,7,20,21,22,23,36,37,38,39,52,53,54,55,68,0342
69,70,71,84,85,86,87,0,1,2,3,16,17,18,19,32,33,34,35,48,49,50,51,0343
64,65,66,67,80,81,82,83,96,97,98,99,12,13,14,15,28,29,30,31,44,45,46,0344
47,60,61,62,63,76,77,78,79,92,93,94,95,8,9,10,11,24,25,26,27,40,41,0345
42,43,56,57,58,59,72,73,74,75,88,89,90,91,4,5,6,7,20,21,22,23,36,0346
37,38,39,52,53,54,55,68,69,70,71,84,85,86,87,0,1,2,3,16,17,18,19,0347
32,33,34,35,48,49,50,51,64,65,66,67,80,81,82,83,96,97,98,99,12,13,14,0348
15,28,29,30,31,44,45,46,47,60,61,62,63,76,77,78,79,92,93,94,95,8,9,0349
10,11,24,25,26,27,40,41,42,43,56,57,58,59,72,73,74,75,88,89,90,91,4,0350
5,6,7,20,21,22,23,36,37,38,39,52,53,54,55,68,69,70,71,84,85,86,87,0351
0,1,2,3,16,17,18,19,32,33,34,35,48,49,50,51,64,65,66,67,80,81,82,0352
83,96,97,98,99,12,13,14,15,28,29,30,31,44,45,46,47,60,61,62,63,76,77,0353
78,79,92,93,94,95,8,9,10,11,24,25,26,27,40,41,42,43,56,57,58,59,72,0354
73,74,75,88,89,90,91,4,5,6,7,20,21,22,23,36,37,38,39,52,53,54,55,0355
