1,b,1005.11,,
2,h,64.58,,
3,a,0.05,-0.30,-0.89
4,l,37.80,,
5,a,0.04,-0.31,-0.88
6,t,29.656,,
7,a,0.06,-0.28,-0.97
8,a,0.06,-0.28,-0.95
9,a,0.06,-0.29,-0.91
10,a,0.05,-0.29,-0.90
11,a,0.08,-0.28,-0.94
12,a,0.08,-0.29,-0.92
13,a,0.09,-0.26,-0.92
14,a,0.10,-0.27,-0.95
15,a,0.07,-0.26,-0.90
16,a,0.08,-0.26,-0.92
17,a,0.10,-0.25,-0.94
18,a,0.07,-0.25,-0.92
19,a,0.07,-0.26,-0.91
20,a,0.08,-0.26,-0.92
21,a,0.10,-0.24,-0.93
22,a,0.09,-0.27,-0.92
23,a,0.13,-0.25,-0.96
24,a,0.09,-0.26,-0.91
25,a,0.11,-0.25,-0.93
26,a,0.10,-0.25,-0.94
27,a,0.12,-0.25,-0.94
28,a,0.12,-0.25,-0.93
29,a,0.11,-0.25,-0.90
30,a,0.10,-0.26,-0.91
31,a,0.11,-0.27,-0.92
32,a,0.12,-0.25,-0.91
33,a,0.09,-0.26,-0.89
34,a,0.11,-0.27,-0.92
35,a,0.09,-0.27,-0.90
36,a,0.10,-0.27,-0.90
37,a,0.10,-0.28,-0.90
38,a,0.12,-0.28,-0.95
39,a,0.11,-0.29,-0.94
40,a,0.12,-0.27,-0.93
41,a,0.10,-0.27,-0.92
42,a,0.10,-0.27,-0.92
43,a,0.11,-0.27,-0.93
44,a,0.11,-0.26,-0.92
45,a,0.11,-0.25,-0.91
46,a,0.12,-0.24,-0.93
47,a,0.16,-0.24,-0.91
48,a,0.16,-0.21,-0.91
49,a,0.13,-0.23,-0.92
50,a,0.18,-0.21,-0.96
51,a,0.18,-0.21,-0.94
52,a,0.15,-0.23,-0.93
53,a,0.11,-0.25,-0.90
54,a,0.12,-0.24,-0.90
55,a,0.15,-0.24,-0.87
56,a,0.10,-0.29,-0.93
57,a,0.12,-0.28,-0.93
58,a,0.14,-0.25,-0.94
59,a,0.14,-0.27,-0.97
60,a,0.07,-0.26,-0.92
61,a,0.10,-0.28,-0.90
62,a,0.14,-0.26,-0.93
63,a,0.06,-0.29,-0.91
64,a,0.13,-0.29,-0.91
65,a,0.10,-0.27,-0.90
66,a,0.13,-0.26,-0.89
67,a,0.18,-0.24,-0.91
68,a,0.15,-0.24,-0.92
69,a,0.12,-0.24,-0.90
70,a,0.13,-0.25,-0.90
71,a,0.14,-0.24,-0.92
72,a,0.13,-0.24,-0.92
73,a,0.17,-0.24,-0.96
74,a,0.14,-0.25,-0.92
75,a,0.14,-0.25,-0.94
76,a,0.10,-0.26,-0.91
77,a,0.12,-0.26,-0.93
78,a,0.13,-0.26,-0.90
79,a,0.14,-0.27,-0.91
80,a,0.14,-0.26,-0.91
81,a,0.14,-0.26,-0.94
82,a,0.12,-0.26,-0.91
83,a,0.13,-0.26,-0.90
84,a,0.12,-0.26,-0.85
85,a,0.18,-0.28,-0.70
86,a,0.10,-0.31,-0.97
87,a,0.18,-0.22,-1.02
88,a,0.07,-0.25,-0.81
89,a,0.08,-0.23,-0.92
90,a,0.05,-0.15,-0.85
91,a,0.05,-0.19,-0.91
92,a,0.03,-0.19,-0.86
93,a,-0.19,-0.22,-0.92
94,a,-0.10,-0.20,-1.10
95,a,0.00,-0.26,-1.18
96,a,-0.29,-0.29,-1.00
97,a,0.13,-0.45,-0.63
98,a,-1.09,-0.62,-0.71
99,a,-0.29,-0.61,-0.79
100,a,-0.29,-0.40,-0.76
101,a,-0.12,-0.13,-0.70
102,a,0.20,0.00,-1.44
103,a,-0.06,0.04,-0.16
104,a,-0.03,0.48,-0.74
105,a,0.05,1.15,-1.27
106,a,-0.03,0.75,-0.86
107,a,0.17,1.13,-1.59
108,a,0.09,0.99,-0.98
109,a,-0.17,0.65,-0.19
110,a,-0.29,0.39,-0.80
111,a,-0.31,0.91,-0.64
112,a,-0.34,0.67,-0.44
113,a,-0.23,0.43,0.20
114,a,-0.30,1.04,-0.02
115,a,-0.69,0.70,0.66
116,a,-0.65,1.00,0.64
117,a,-0.99,0.73,0.92
118,a,-0.31,0.79,1.06
119,a,-0.47,0.25,1.42
120,a,-0.14,0.02,0.75
121,a,-0.48,0.09,0.51
122,a,-0.35,0.07,0.85
123,a,-0.71,0.26,0.89
124,a,-1.20,0.00,0.40
125,a,-0.86,-0.50,-0.22
126,a,-1.17,0.20,-1.05
127,a,-1.33,0.36,-1.12
128,a,-1.62,0.56,-0.45
129,a,-1.07,0.55,0.66
130,a,-0.66,0.17,0.07
131,a,-0.61,0.05,-0.60
132,a,-0.27,0.03,-0.37
133,a,-0.62,-0.09,-0.15
134,a,-0.47,-0.74,-1.16
135,a,-0.26,-0.03,-1.01
136,a,0.10,0.24,-1.00
137,a,0.07,0.23,-0.91
138,a,-0.03,0.43,-1.32
139,a,-0.28,0.36,-1.40
140,a,-0.23,0.10,-0.75
141,a,-0.10,-0.10,-0.49
142,a,-0.14,-0.11,-0.68
143,a,-0.21,-0.02,-0.82
144,a,-0.31,0.25,-1.20
145,a,-0.28,0.10,-1.08
146,a,0.01,0.35,-0.78
147,a,-0.17,-0.17,-0.60
148,a,-0.05,-0.08,-0.84
149,a,-0.15,-0.24,-1.14
150,a,-0.43,-0.09,-1.48
151,a,-0.30,-0.19,-0.66
152,a,-0.37,-0.29,-0.24
153,a,-0.49,-0.20,-0.88
154,a,-0.37,-0.14,-1.21
155,a,0.01,0.20,-1.17
156,a,-0.32,-0.14,-0.94
157,a,0.14,-0.04,-0.72
158,a,0.30,0.03,-0.79
159,a,0.10,0.01,-0.97
160,a,0.04,0.25,-1.36
161,a,0.12,0.16,-0.85
162,a,0.07,0.14,-0.84
163,a,0.04,0.07,-0.69
164,a,0.01,0.00,-0.84
165,a,-0.11,-0.10,-0.95
166,a,-0.02,-0.03,-1.04
167,a,0.08,0.09,-0.73
168,a,0.23,0.00,-0.83
169,a,0.27,0.00,-0.96
170,a,0.29,0.12,-1.16
171,a,0.21,0.34,-1.62
172,a,0.34,0.36,-0.80
173,a,0.22,-0.13,-0.72
174,a,0.16,-0.09,-0.79
175,a,0.28,-0.19,-0.62
176,a,0.47,0.15,-1.47
177,a,0.10,-0.03,-0.86
178,a,0.17,-0.09,-0.77
179,a,0.33,0.00,-0.67
180,a,0.15,-0.35,-0.58
181,a,0.06,-0.17,-0.79
182,a,0.11,0.14,-1.36
183,a,0.14,0.10,-1.12
184,a,0.08,-0.07,-0.76
185,a,0.04,-0.09,-0.78
186,a,0.01,-0.08,-0.91
187,a,-0.07,-0.01,-1.30
188,a,-0.14,0.05,-0.99
189,a,0.12,0.03,-0.78
190,a,0.26,0.10,-0.97
191,a,0.07,0.06,-1.11
192,a,0.21,0.19,-1.15
193,a,0.06,0.17,-0.95
194,a,0.03,0.12,-0.74
195,a,0.00,0.00,-0.66
196,t,28.437,,
197,a,-0.01,-0.07,-0.82
198,a,-0.07,-0.17,-0.86
199,b,1005.09,,
200,a,-0.10,0.06,-1.19
201,a,-0.05,0.00,-0.94
202,a,0.09,0.03,-0.99
203,a,0.08,-0.01,-0.99
204,a,0.08,0.09,-1.18
205,a,-0.01,0.21,-1.35
206,a,0.00,0.11,-0.95
207,a,-0.05,-0.10,-0.60
208,a,-0.07,-0.06,-0.63
209,a,-0.05,-0.04,-1.06
210,a,-0.15,0.00,-1.05
211,a,0.04,0.02,-1.01
212,a,0.05,-0.05,-0.85
213,a,0.09,0.01,-0.92
214,a,0.06,0.00,-0.89
215,a,-0.04,-0.06,-1.02
216,a,0.05,0.13,-1.09
217,a,-0.07,0.00,-0.90
218,a,-0.05,-0.04,-0.79
219,a,-0.01,-0.04,-0.72
220,a,-0.05,-0.17,-0.77
221,a,-0.25,-0.15,-1.13
222,l,40.80,,
223,a,-0.12,-0.11,-0.92
224,a,0.06,-0.06,-0.83
225,a,0.17,0.06,-0.88
226,a,0.07,0.07,-1.29
227,a,0.17,0.40,-1.42
228,a,0.10,0.20,-0.96
229,a,0.02,0.06,-0.76
230,h,73.15,,
231,a,0.07,0.05,-0.70
232,a,-0.02,-0.03,-0.83
233,a,-0.07,-0.02,-0.85
234,a,-0.06,-0.08,-0.88
235,a,0.09,0.04,-0.82
236,a,0.09,0.00,-0.84
237,a,0.08,0.03,-1.02
238,a,0.03,-0.05,-0.91
239,a,0.15,0.04,-0.67
240,a,0.04,0.20,-1.05
241,a,0.14,-0.02,-0.83
242,a,0.01,-0.11,-0.97
243,a,0.09,-0.07,-0.92
244,a,0.03,0.15,-1.45
245,a,-0.21,-0.17,-1.00
246,a,0.13,-0.06,-0.70
247,a,0.12,-0.17,-0.99
248,a,0.24,-0.04,-1.11
249,a,0.28,0.25,-1.45
250,a,0.17,0.14,-1.17
251,a,0.03,-0.05,-0.73
252,a,0.04,-0.09,-0.72
253,a,0.04,-0.05,-1.11
254,a,-0.07,-0.27,-0.83
255,a,0.05,-0.08,-0.96
256,a,0.06,-0.17,-0.68
257,a,0.13,-0.10,-1.02
258,a,0.21,-0.18,-1.02
259,a,0.10,-0.31,-0.74
260,a,0.10,0.01,-1.10
261,a,-0.10,-0.01,-1.08
262,a,0.07,0.04,-0.81
263,a,-0.04,-0.17,-0.95
264,a,-0.04,-0.18,-1.04
265,a,-0.09,0.21,-1.42
266,a,-0.38,-0.27,-1.02
267,a,-0.01,-0.08,-0.70
268,a,-0.09,-0.21,-0.98
269,a,-0.01,-0.15,-1.02
270,a,-0.05,-0.13,-0.97
271,a,-0.08,-0.02,-0.88
272,a,-0.22,-0.17,-0.66
273,a,-0.15,0.05,-0.62
274,a,-0.20,0.08,-1.06
275,a,-0.17,0.21,-1.18
276,a,-0.29,0.13,-0.91
277,a,-0.03,0.25,-0.82
278,a,-0.12,0.00,-0.70
279,a,0.15,0.29,-1.08
280,a,0.07,0.12,-0.74
281,a,0.10,0.09,-0.47
282,a,0.16,0.12,-1.02
283,a,0.23,0.23,-0.86
284,a,0.24,0.23,-0.86
285,a,0.18,0.12,-0.90
286,a,0.23,0.15,-1.03
287,a,0.22,-0.04,-0.95
288,a,0.23,-0.03,-0.84
289,a,0.27,-0.04,-1.02
290,a,0.19,-0.03,-0.97
291,a,0.16,-0.01,-0.89
292,a,0.20,-0.03,-0.90
293,a,0.23,0.00,-0.95
294,a,0.24,-0.01,-0.92
295,a,0.24,0.00,-0.92
296,a,0.22,0.00,-0.92
297,a,0.22,0.00,-0.95
298,a,0.24,0.00,-0.95
299,a,0.23,0.00,-0.96
300,a,0.24,0.00,-0.95
301,a,0.23,-0.01,-0.93
302,a,0.24,0.00,-0.95
303,a,0.23,0.00,-0.95
304,a,0.25,0.00,-0.95
305,a,0.24,-0.02,-0.94
306,a,0.25,-0.01,-0.94
307,a,0.23,-0.01,-0.96
308,a,0.24,-0.01,-0.94
309,a,0.27,0.00,-0.96
310,a,0.26,-0.02,-0.94
311,a,0.26,-0.02,-0.94
312,a,0.26,-0.01,-0.91
313,a,0.25,-0.01,-0.96
314,a,0.25,-0.03,-0.92
315,a,0.24,-0.02,-0.91
316,a,0.24,-0.02,-0.94
317,a,0.26,0.00,-0.93
318,a,0.26,0.00,-0.92
319,a,0.26,0.00,-0.94
320,a,0.28,0.00,-0.93
321,a,0.26,0.01,-0.93
322,a,0.27,-0.01,-0.92
323,a,0.25,0.00,-0.96
324,a,0.25,0.00,-0.93
325,a,0.25,-0.02,-0.95
326,a,0.27,-0.02,-0.93
327,a,0.24,-0.01,-0.97
328,a,0.28,-0.02,-0.92
329,a,0.30,-0.02,-0.92
330,a,0.26,-0.01,-0.93
331,a,0.29,-0.02,-0.93
332,a,0.28,-0.01,-0.94
333,a,0.29,0.00,-0.92
334,a,0.31,-0.01,-0.94
335,a,0.29,0.01,-0.96
336,a,0.25,-0.01,-0.94
337,a,0.26,0.00,-0.93
338,a,0.25,0.00,-0.95
339,a,0.25,0.00,-0.95
340,a,0.23,-0.01,-0.92
341,a,0.26,-0.01,-0.93
342,a,0.25,0.00,-0.96
343,a,0.25,0.00,-0.92
344,a,0.25,-0.01,-0.93
345,a,0.26,0.00,-0.94
346,a,0.26,0.00,-0.94
347,a,0.24,0.00,-0.94
348,a,0.24,-0.01,-0.94
349,a,0.24,0.00,-0.93
350,a,0.25,0.00,-0.93
351,a,0.24,-0.01,-0.93
352,a,0.24,0.00,-0.93
353,a,0.23,-0.02,-0.93
354,a,0.26,0.00,-0.94
355,a,0.25,0.00,-0.93
356,a,0.25,0.00,-0.94
357,a,0.25,-0.01,-0.92
358,a,0.26,-0.01,-0.94
359,a,0.23,-0.01,-0.95
360,a,0.24,-0.02,-0.92
361,a,0.26,-0.01,-0.94
362,a,0.25,0.00,-0.93
363,a,0.25,-0.02,-0.93
364,a,0.25,-0.02,-0.92
365,a,0.27,0.00,-0.94
366,a,0.26,-0.02,-0.92
367,a,0.26,0.00,-0.96
368,a,0.26,-0.02,-0.91
369,a,0.26,-0.01,-0.93
370,a,0.28,-0.01,-0.92
371,a,0.27,-0.02,-0.95
372,a,0.28,-0.02,-0.93
373,a,0.27,-0.01,-0.93
374,b,1005.14,,
375,a,0.27,-0.01,-0.95
376,a,0.28,0.00,-0.95
377,a,0.27,-0.03,-0.93
378,a,0.27,-0.02,-0.93
379,a,0.27,-0.03,-0.93
380,a,0.27,-0.03,-0.92
381,a,0.27,-0.04,-0.92
382,a,0.27,-0.03,-0.92
383,a,0.26,-0.04,-0.92
384,a,0.27,-0.03,-0.91
385,a,0.25,-0.04,-0.94
386,a,0.25,-0.04,-0.91
387,a,0.27,-0.04,-0.94
388,a,0.28,-0.02,-0.93
389,a,0.26,-0.03,-0.93
390,a,0.29,0.00,-0.95
391,a,0.28,-0.01,-0.95
392,a,0.30,-0.03,-0.93
393,a,0.29,0.03,-0.91
394,a,0.30,-0.03,-0.94
395,a,0.28,0.00,-0.92
396,a,0.27,-0.02,-0.95
397,a,0.26,0.00,-0.97
398,a,0.28,0.00,-0.88
399,a,0.30,-0.02,-0.93
400,a,0.30,-0.03,-0.93
401,a,0.28,0.00,-0.96
402,a,0.28,-0.01,-0.93
403,a,0.27,-0.04,-0.94
404,a,0.27,-0.02,-0.92
405,a,0.28,-0.02,-0.93
406,a,0.28,-0.03,-0.92
407,a,0.30,-0.01,-0.93
408,h,84.75,,
409,a,0.29,-0.02,-0.92
410,a,0.30,-0.02,-0.92
411,a,0.29,-0.01,-0.93
412,a,0.30,-0.01,-0.90
413,a,0.30,-0.02,-0.94
414,a,0.29,-0.01,-0.92
415,a,0.28,-0.01,-0.93
416,a,0.30,0.00,-0.94
417,a,0.29,-0.02,-0.92
418,a,0.29,-0.02,-0.92
419,l,17.18,,
420,a,0.30,-0.01,-0.93
421,a,0.28,-0.03,-0.92
422,a,0.28,-0.02,-0.91
423,t,28.406,,
424,a,0.28,-0.03,-0.92
425,a,0.26,-0.03,-0.93
426,a,0.29,-0.02,-0.94
427,a,0.27,-0.02,-0.93
428,a,0.29,-0.03,-0.93
429,a,0.28,-0.02,-0.94
430,a,0.28,-0.02,-0.94
431,a,0.27,-0.04,-0.93
432,a,0.26,-0.05,-0.93
433,a,0.28,-0.02,-0.93
434,a,0.30,-0.02,-0.95
435,a,0.29,-0.01,-0.95
436,a,0.28,-0.04,-0.93
437,a,0.28,-0.02,-0.94
438,a,0.27,-0.02,-0.93
439,a,0.28,-0.01,-0.92
440,a,0.28,-0.04,-0.92
441,a,0.27,-0.02,-0.95
442,a,0.28,-0.02,-0.94
443,a,0.29,-0.02,-0.92
444,a,0.30,-0.03,-0.91
445,a,0.30,-0.02,-0.92
446,a,0.29,-0.02,-0.91
447,a,0.29,-0.03,-0.94
448,a,0.30,-0.07,-0.92
449,a,0.35,0.00,-0.90
450,a,0.36,-0.07,-0.92
451,a,0.38,0.02,-0.90
452,a,0.40,0.07,-0.92
453,a,0.34,0.00,-0.92
454,a,0.34,-0.09,-0.88
455,a,0.25,-0.04,-1.03
456,a,0.23,0.06,-1.06
457,a,0.04,0.09,-1.11
458,a,-0.14,-0.03,-0.80
459,a,0.05,0.02,-0.71
460,a,0.04,-0.02,-0.87
461,a,0.11,-0.02,-0.96
462,a,0.15,0.00,-1.00
463,a,0.25,0.34,-1.10
464,a,0.02,0.11,-1.00
465,a,0.05,0.04,-0.68
466,a,0.00,0.03,-0.82
467,a,0.01,0.10,-1.01
468,a,0.09,0.46,-1.58
469,a,-0.21,-0.01,-0.93
470,a,0.12,0.10,-0.74
471,a,0.24,0.02,-0.84
472,a,0.26,-0.03,-0.90
473,a,0.10,0.11,-1.49
474,a,0.15,0.14,-0.83
475,a,0.03,0.14,-0.92
476,a,0.14,0.01,-0.70
477,b,1005.22,,
478,a,0.19,-0.01,-0.87
479,a,0.19,-0.07,-1.03
480,a,0.23,0.09,-1.15
481,a,0.01,0.00,-0.97
482,a,0.16,0.00,-0.81
483,a,0.19,-0.03,-0.85
484,a,0.21,0.00,-1.06
485,a,0.13,0.13,-1.24
486,a,0.22,0.11,-0.73
487,a,0.18,0.10,-0.79
488,a,0.18,0.06,-0.84
489,a,0.21,0.09,-0.98
490,a,0.21,0.02,-1.07
491,a,0.16,0.11,-1.04
492,a,0.11,0.05,-0.92
493,a,0.23,0.06,-0.82
494,a,0.27,0.00,-0.89
495,a,0.26,0.03,-1.09
496,a,0.24,0.25,-1.04
497,a,0.14,0.25,-1.07
498,a,0.13,0.09,-0.73
499,a,0.17,0.07,-0.84
500,a,0.13,0.09,-1.08
501,a,0.12,0.12,-1.14
502,a,-0.03,0.07,-0.96
503,a,0.15,0.12,-0.84
504,a,0.21,0.03,-0.84
505,a,0.18,0.07,-1.09
506,a,0.27,0.34,-0.94
507,a,0.01,0.19,-1.15
508,a,0.13,0.12,-0.70
509,a,0.14,0.15,-0.82
510,a,0.14,0.14,-1.00
511,a,0.20,0.32,-1.18
512,a,-0.05,0.16,-0.94
513,a,0.16,0.13,-0.79
514,a,0.21,0.07,-0.78
515,a,0.13,0.16,-1.17
516,a,0.10,0.37,-1.25
517,a,0.10,0.23,-0.97
518,a,0.09,0.11,-0.72
519,a,0.13,0.12,-0.81
520,a,0.10,0.15,-1.09
521,a,0.08,0.16,-1.30
522,a,-0.05,0.18,-1.10
523,a,0.13,0.08,-0.71
524,a,0.17,0.04,-0.78
525,a,0.17,0.06,-1.04
526,a,0.14,0.30,-1.55
527,a,0.08,0.25,-1.11
528,a,0.00,-0.01,-0.66
529,a,0.05,0.03,-0.57
530,a,-0.01,0.07,-0.94
531,a,0.06,0.17,-1.51
532,a,-0.41,0.22,-1.08
533,a,0.03,0.12,-0.59
534,a,0.18,0.18,-0.87
535,a,0.20,0.03,-0.92
536,a,0.18,0.39,-1.41
537,a,-0.05,0.50,-0.63
538,a,-0.06,0.24,-0.73
539,a,-0.13,0.00,-0.74
540,a,0.07,0.14,-0.85
541,l,14.28,,
542,a,0.18,0.18,-1.09
543,a,0.01,0.39,-0.81
544,a,-0.03,0.20,-0.68
545,a,0.11,0.19,-0.75
546,a,0.23,0.24,-0.93
547,a,0.22,0.38,-1.16
548,a,0.01,0.49,-0.76
549,a,0.01,0.39,-0.84
550,a,0.08,0.21,-0.61
551,a,0.15,0.30,-0.86
552,a,-0.02,0.40,-1.23
553,a,0.06,0.48,-1.03
554,a,0.04,0.29,-0.68
555,a,0.13,0.28,-0.74
556,a,0.28,0.20,-0.90
557,a,0.13,0.33,-1.25
558,a,0.12,0.87,-0.89
559,a,-0.04,0.36,-0.84
560,a,0.00,0.24,-0.65
561,a,0.05,0.27,-0.76
562,a,0.05,0.32,-1.16
563,a,0.01,0.57,-1.17
564,a,-0.28,0.38,-0.83
565,a,0.02,0.25,-0.56
566,a,0.12,0.25,-0.81
567,a,0.04,0.23,-1.15
568,a,0.04,0.47,-1.47
569,a,0.01,0.62,-1.15
570,a,0.06,0.17,-0.84
571,a,0.10,0.24,-0.99
572,a,0.00,0.45,-1.38
573,a,-0.14,0.26,-0.95
574,a,0.11,0.13,-0.58
575,a,0.20,0.13,-0.77
576,a,0.13,0.38,-1.31
577,a,0.00,0.49,-1.19
578,a,0.08,0.47,-1.05
579,a,0.04,0.12,-0.68
580,a,0.12,0.16,-0.73
581,a,0.20,0.39,-0.96
582,a,0.19,0.71,-1.32
583,a,-0.09,0.35,-0.91
584,a,0.16,0.29,-0.65
585,a,0.29,0.32,-0.77
586,a,0.26,0.30,-0.91
587,a,0.24,0.59,-1.13
588,a,0.09,0.39,-1.06
589,h,82.03,,
590,a,0.10,0.17,-0.65
591,a,0.16,0.24,-0.78
592,a,0.20,0.37,-1.05
593,a,0.22,0.42,-1.10
594,a,-0.02,0.42,-1.06
595,a,0.12,0.21,-0.70
596,a,0.28,0.23,-0.76
597,a,0.32,0.32,-1.03
598,a,0.44,0.56,-0.94
599,a,0.22,0.48,-1.07
600,a,0.19,0.25,-0.68
601,a,0.22,0.22,-0.78
602,a,0.32,0.30,-0.99
603,a,0.15,0.34,-1.21
604,a,0.00,0.18,-0.97
605,a,0.23,0.13,-0.69
606,a,0.35,0.18,-0.71
607,a,0.36,0.12,-0.99
608,a,0.36,0.35,-0.94
609,a,0.18,0.28,-1.05
610,a,0.15,0.13,-0.69
611,a,0.18,0.12,-0.83
612,a,0.11,0.02,-1.02
613,a,0.11,0.08,-1.06
614,a,0.01,0.16,-0.97
615,a,0.10,0.08,-0.72
616,a,0.21,-0.02,-0.80
617,a,0.10,0.11,-1.18
618,a,0.27,0.25,-0.82
619,a,0.06,0.32,-1.08
620,a,0.04,0.02,-0.61
621,a,0.08,0.09,-0.90
622,a,0.03,0.00,-1.06
623,a,0.14,0.24,-1.10
624,a,-0.02,0.23,-0.96
625,a,0.09,0.03,-0.61
626,a,0.16,0.09,-0.85
627,a,0.13,0.02,-1.02
628,a,0.09,0.33,-0.96
629,a,-0.02,0.17,-0.91
630,a,-0.01,0.05,-0.62
631,a,0.01,0.12,-0.94
632,a,-0.06,-0.01,-0.90
633,a,-0.03,0.22,-1.04
634,a,-0.05,0.04,-0.81
635,a,0.16,0.04,-0.77
636,a,0.15,0.01,-0.83
637,a,0.13,0.09,-0.85
638,l,28.60,,
639,a,0.21,0.53,-1.20
640,a,0.07,0.22,-1.01
641,a,0.04,0.12,-0.68
642,a,0.05,0.15,-0.89
643,a,-0.06,0.30,-1.32
644,a,-0.07,0.16,-1.04
645,a,0.01,0.07,-0.63
646,a,0.17,0.16,-0.91
647,a,0.16,0.15,-1.01
648,a,0.01,0.14,-1.00
649,t,27.562,,
650,a,0.03,0.22,-0.86
651,a,0.00,0.14,-0.86
652,a,0.02,0.11,-0.79
653,a,0.08,0.18,-1.00
654,a,0.06,0.07,-0.98
655,a,0.05,0.05,-1.02
656,a,0.09,0.00,-0.79
657,a,0.21,0.10,-0.70
658,a,0.20,0.07,-0.87
659,a,0.10,0.12,-1.16
660,a,0.07,0.34,-0.97
661,a,0.08,0.27,-0.77
662,a,0.00,0.17,-0.74
663,a,0.07,0.28,-0.84
664,a,0.03,0.12,-1.06
665,a,0.00,0.32,-1.23
666,a,0.01,0.20,-0.90
667,a,0.16,0.23,-0.75
668,a,0.06,0.20,-0.75
669,a,0.07,0.33,-1.14
670,a,0.24,0.48,-0.94
671,b,1005.19,,
672,a,0.16,0.32,-0.92
673,a,0.07,0.19,-0.67
674,a,0.13,0.24,-0.77
675,a,0.13,0.20,-1.02
676,a,0.11,0.29,-1.24
677,a,0.00,0.25,-0.99
678,a,0.12,0.20,-0.81
679,a,0.11,0.07,-0.77
680,a,0.19,0.15,-0.94
681,a,0.16,0.41,-1.10
682,a,0.04,0.41,-1.10
683,a,-0.03,0.05,-0.69
684,a,0.01,0.17,-0.80
685,a,0.10,0.14,-0.96
686,a,0.02,0.32,-1.30
687,a,-0.01,0.29,-1.00
688,a,0.05,0.08,-0.80
689,a,0.08,0.10,-0.85
690,a,0.06,0.15,-0.89
691,a,0.08,0.43,-1.21
692,a,-0.02,0.35,-1.22
693,a,-0.02,0.14,-0.73
694,a,-0.02,0.10,-0.80
695,a,0.06,-0.04,-0.92
696,a,-0.04,0.04,-1.21
697,a,-0.10,0.10,-1.02
698,a,0.08,0.03,-0.79
699,a,0.13,0.12,-0.91
700,a,0.14,0.04,-0.94
701,a,-0.07,0.04,-1.13
702,a,0.21,0.33,-0.96
703,a,0.11,0.15,-0.87
704,a,0.12,0.10,-0.73
705,a,0.20,0.19,-0.90
706,a,0.14,0.11,-1.05
707,a,0.09,0.09,-0.84
708,a,0.05,0.08,-0.82
709,a,0.13,0.09,-0.79
710,a,0.20,0.10,-0.86
711,a,0.19,0.23,-1.09
712,a,0.13,0.52,-1.51
713,a,0.10,0.40,-1.08
714,a,0.09,0.18,-0.57
715,a,0.13,0.24,-0.85
716,a,0.13,0.20,-1.10
717,a,0.10,0.31,-1.35
718,a,-0.07,0.08,-0.93
719,a,0.08,0.09,-0.79
720,a,0.18,0.06,-0.72
721,a,0.29,0.02,-0.90
722,a,0.43,-0.14,-0.74
723,a,0.48,0.06,-0.95
724,a,0.17,-0.05,-0.62
725,a,0.08,0.03,-0.61
726,a,0.05,0.12,-0.90
727,a,-0.15,0.29,-1.42
728,a,-0.26,0.53,-1.26
729,a,0.01,0.13,-0.77
730,a,0.13,0.13,-0.67
731,a,0.06,0.24,-1.00
732,a,0.06,0.70,-1.33
733,a,0.00,0.33,-1.09
734,a,0.05,0.17,-0.60
735,a,0.09,0.20,-0.63
736,a,-0.01,0.19,-1.04
737,a,0.08,0.54,-1.38
738,a,-0.10,0.27,-0.90
739,a,-0.02,0.06,-0.68
740,a,0.09,0.09,-0.87
741,a,0.10,0.16,-0.86
742,a,-0.02,0.41,-1.09
743,a,-0.04,0.27,-1.04
744,a,-0.04,0.06,-0.57
745,a,-0.12,0.02,-0.60
746,a,-0.11,0.04,-1.01
747,a,-0.11,0.35,-1.16
748,a,-0.21,0.20,-0.87
749,a,0.00,0.04,-0.72
750,a,0.03,0.03,-0.86
751,a,0.07,-0.01,-0.91
752,a,0.16,0.29,-0.97
753,a,0.09,0.27,-0.95
754,a,0.05,0.05,-0.69
755,a,0.09,0.09,-0.98
756,a,0.06,0.07,-1.03
757,a,-0.02,0.30,-1.09
758,a,-0.04,0.08,-1.18
759,a,0.11,0.06,-0.75
760,a,0.20,0.03,-0.80
761,a,0.08,0.09,-1.13
762,a,-0.03,0.33,-0.95
763,a,-0.03,0.27,-0.99
764,a,0.00,-0.01,-0.74
765,a,0.05,-0.05,-0.79
766,a,0.00,-0.10,-0.89
767,a,0.06,0.24,-0.98
768,a,-0.01,-0.04,-0.77
769,a,0.15,0.02,-0.88
770,a,0.19,0.01,-0.98
771,a,0.18,-0.01,-0.87
772,a,0.13,0.18,-0.73
773,a,0.09,0.14,-0.69
774,a,0.02,0.00,-0.64
775,a,0.07,0.09,-0.88
776,a,0.05,0.16,-1.18
777,a,-0.01,0.57,-1.40
778,a,-0.21,0.11,-1.17
779,a,0.01,0.12,-0.83
780,a,0.08,0.07,-0.63
781,a,0.06,-0.03,-0.74
782,a,0.12,0.14,-1.27
783,a,0.16,0.55,-1.38
784,a,0.02,0.15,-1.06
785,a,-0.04,0.20,-0.91
786,a,0.00,0.10,-0.83
787,a,0.11,0.16,-1.05
788,a,-0.09,0.15,-1.41
789,a,0.00,-0.27,-0.73
790,a,0.10,0.16,-0.59
791,a,0.00,0.02,-0.78
792,a,0.03,-0.02,-0.86
793,t,27.531,,
794,a,0.04,0.19,-1.36
795,a,0.07,0.74,-1.49
796,a,0.00,0.04,-0.90
797,a,-0.02,0.19,-0.78
798,a,0.02,0.13,-0.47
799,a,-0.06,0.03,-1.16
800,a,0.13,0.63,-1.94
801,a,0.00,0.04,-1.07
802,a,0.07,-0.06,-0.66
803,a,0.09,0.26,-1.06
804,a,-0.19,0.18,-1.36
805,a,0.12,0.18,-0.58
806,a,0.05,0.02,-0.91
807,a,0.06,0.44,-1.29
808,a,0.11,0.25,-0.76
809,a,0.06,0.02,-1.07
810,a,0.02,0.23,-1.52
811,a,0.06,-0.17,-0.60
812,a,0.12,0.02,-0.35
813,a,0.10,0.20,-1.02
814,a,0.03,0.02,-1.40
815,a,0.13,0.26,-1.36
816,a,0.14,-0.08,-0.75
817,a,0.14,0.05,-0.77
818,a,0.22,0.06,-0.94
819,a,0.08,-0.15,-1.11
820,a,0.15,-0.05,-1.41
821,a,0.04,-0.18,-0.78
822,a,0.10,-0.08,-0.81
823,a,0.15,-0.21,-1.17
824,a,0.24,0.08,-1.37
825,a,0.00,-0.38,-0.71
826,a,0.04,-0.25,-0.59
827,a,0.04,0.01,-1.53
828,a,-0.12,-0.16,-1.23
829,a,0.06,0.03,-1.13
830,a,0.01,-0.23,-0.70
831,h,81.31,,
832,a,0.13,-0.18,-1.02
833,a,0.24,-0.24,-0.96
834,a,0.22,0.18,-1.18
835,b,1005.33,,
836,a,0.01,0.00,-1.09
837,a,0.06,-0.09,-0.62
838,a,0.07,-0.13,-0.88
839,a,0.08,-0.15,-1.02
840,a,-0.15,-0.18,-1.27
841,a,-0.13,-0.14,-0.83
842,a,0.10,0.00,-0.72
843,a,0.04,-0.13,-0.77
844,a,0.02,-0.08,-1.00
845,a,-0.08,0.13,-1.39
846,a,-0.16,-0.01,-1.05
847,a,0.00,-0.02,-0.70
848,a,-0.02,0.00,-0.98
849,a,0.00,-0.10,-0.75
850,a,0.17,0.17,-0.94
851,a,-0.07,-0.08,-1.27
852,a,-0.01,-0.10,-0.82
853,a,0.04,-0.07,-0.83
854,a,0.01,-0.11,-0.87
855,a,-0.08,-0.37,-1.30
856,a,0.34,0.36,-0.76
857,a,-0.01,-0.17,-0.80
858,a,0.18,0.16,-0.67
859,a,0.20,-0.03,-0.72
860,a,0.06,-0.24,-1.33
861,a,0.16,0.00,-1.41
862,a,0.12,-0.05,-0.90
863,a,0.08,-0.08,-0.71
864,a,0.14,-0.04,-0.74
865,a,0.12,-0.14,-1.27
866,a,0.38,0.23,-0.88
867,a,0.14,-0.03,-0.97
868,a,0.20,0.01,-0.81
869,a,0.20,-0.06,-0.79
870,a,0.24,-0.14,-0.93
871,a,0.26,0.30,-1.68
872,a,0.17,-0.24,-0.48
873,a,0.19,-0.10,-0.60
874,a,0.34,-0.04,-0.79
875,a,0.39,-0.33,-0.92
876,a,0.53,0.41,-1.30
877,a,0.20,0.06,-0.91
878,a,0.20,-0.05,-0.82
879,a,0.25,-0.05,-0.89
880,l,59.92,,
881,a,0.25,-0.07,-0.97
882,a,0.30,0.30,-1.20
883,a,0.04,0.02,-1.10
884,a,0.21,-0.01,-0.64
885,a,0.23,0.00,-0.84
886,a,0.21,-0.04,-0.98
887,a,0.25,0.08,-1.34
888,a,0.29,0.16,-0.78
889,a,0.26,0.21,-0.80
890,a,0.26,0.11,-0.84
891,a,0.28,0.12,-0.95
892,a,0.27,0.02,-0.89
893,a,0.28,0.26,-0.94
894,a,0.15,0.19,-0.94
895,a,0.24,0.12,-0.81
896,a,0.27,0.09,-0.96
897,a,0.28,0.07,-0.87
898,a,0.30,0.31,-0.81
899,a,0.07,0.29,-1.12
900,a,0.15,0.09,-0.74
901,t,27.906,,
902,a,0.18,0.10,-0.85
903,a,0.14,-0.09,-1.04
904,a,0.27,0.32,-1.14
905,a,-0.01,-0.01,-0.93
906,a,0.15,-0.04,-0.81
907,a,0.09,-0.04,-1.01
908,a,0.14,-0.14,-0.96
909,a,0.13,-0.15,-0.94
910,a,0.17,0.14,-0.76
911,a,-0.02,0.08,-0.94
912,a,0.05,0.16,-0.97
913,a,0.05,0.05,-0.94
914,a,0.08,-0.02,-0.91
915,a,0.09,-0.01,-0.79
916,a,-0.03,-0.29,-1.14
917,a,0.07,0.20,-1.30
918,a,-0.03,0.00,-0.93
919,a,0.00,-0.03,-1.00
920,a,0.06,-0.04,-0.88
921,a,0.09,-0.14,-0.69
922,a,0.15,-0.07,-1.02
923,a,0.25,0.07,-1.14
924,a,0.24,0.18,-1.05
925,a,0.18,-0.01,-1.00
926,a,0.18,0.01,-0.85
927,a,0.15,0.01,-0.80
928,a,0.09,-0.12,-1.03
929,a,0.07,-0.06,-1.34
930,a,0.24,-0.10,-0.70
931,a,0.09,-0.06,-0.79
932,a,0.06,-0.02,-0.63
933,a,0.11,-0.06,-0.96
934,a,0.10,0.07,-1.24
935,a,0.18,0.10,-0.91
936,a,0.13,0.06,-0.92
937,a,0.12,0.12,-0.85
938,a,0.14,-0.04,-0.80
939,a,0.10,-0.06,-1.05
940,a,0.16,0.16,-1.38
941,a,0.11,-0.07,-0.99
942,a,0.13,0.00,-0.83
943,a,0.22,0.05,-0.90
944,a,0.16,0.08,-1.27
945,a,0.19,0.04,-0.80
946,a,0.13,0.01,-0.77
947,a,0.18,0.10,-0.73
948,a,0.19,-0.03,-0.92
949,a,0.29,0.17,-1.27
950,a,0.16,-0.08,-0.98
951,a,0.08,-0.13,-0.71
952,a,0.22,0.06,-0.76
953,a,0.17,-0.07,-0.98
954,a,0.22,0.15,-0.84
955,a,0.13,-0.05,-0.89
956,a,0.25,-0.03,-0.62
957,a,0.24,-0.13,-1.12
958,a,0.28,-0.01,-1.12
959,a,0.20,-0.11,-0.83
960,a,0.23,-0.18,-0.78
961,a,0.38,-0.13,-0.75
962,a,0.30,-0.17,-0.92
963,a,0.35,0.11,-1.51
964,a,0.33,0.17,-0.91
965,a,0.13,-0.05,-0.78
966,a,0.21,-0.04,-0.94
967,a,0.30,-0.01,-0.96
968,a,-0.09,-0.25,-1.17
969,a,0.04,-0.18,-0.80
970,a,0.26,-0.07,-0.74
971,a,0.25,-0.15,-0.82
972,a,0.31,-0.11,-1.02
973,a,0.16,-0.21,-1.21
974,a,0.46,0.03,-0.82
975,a,0.18,-0.04,-0.67
976,a,0.09,-0.02,-0.94
977,a,0.10,0.00,-1.09
978,a,0.05,0.02,-1.15
979,a,-0.10,0.01,-1.21
980,a,0.07,0.00,-0.52
981,a,0.05,-0.19,-0.79
982,a,0.20,0.01,-1.05
983,a,0.11,0.14,-1.42
984,a,0.15,0.23,-0.99
985,a,0.23,0.01,-0.77
986,a,0.15,0.00,-0.78
987,a,0.18,0.04,-0.96
988,a,0.47,0.24,-1.32
989,a,0.07,0.10,-0.78
990,a,0.22,0.01,-0.69
991,a,0.37,0.08,-0.86
992,a,0.41,0.05,-0.97
993,a,0.52,0.39,-0.97
994,a,0.11,0.09,-1.00
995,a,0.20,0.10,-0.82
996,a,0.24,0.01,-0.86
997,a,0.25,0.04,-1.08
998,a,0.30,0.20,-1.40
999,a,-0.06,-0.10,-0.80
1000,h,89.15,,
1001,a,0.24,0.04,-0.75
1002,a,0.16,-0.04,-0.86
1003,a,0.15,-0.02,-1.08
1004,a,0.10,-0.02,-1.21
1005,a,0.16,0.06,-0.82
1006,a,0.10,0.03,-0.84
1007,a,0.14,-0.02,-0.90
1008,a,0.17,0.02,-0.94
1009,a,0.01,-0.08,-1.12
1010,a,0.02,-0.04,-0.76
1011,a,0.12,0.06,-0.95
1012,a,0.18,-0.02,-0.80
1013,a,0.14,-0.12,-0.92
1014,a,0.21,-0.06,-1.05
1015,a,0.24,0.02,-0.89
1016,a,0.10,0.05,-1.01
1017,a,0.12,-0.01,-0.74
1018,a,0.11,-0.08,-0.88
1019,a,0.10,-0.06,-1.01
1020,a,0.19,0.10,-1.15
1021,a,0.02,0.07,-1.01
1022,a,0.06,-0.04,-0.79
1023,a,0.13,-0.06,-0.86
1024,a,0.12,-0.05,-1.10
1025,a,0.30,0.19,-1.29
1026,a,0.13,0.07,-0.96
1027,a,0.18,0.03,-0.83
1028,a,0.13,-0.12,-0.87
1029,a,0.15,-0.09,-1.06
1030,a,0.14,0.03,-1.29
1031,a,-0.11,-0.12,-0.83
1032,a,0.09,-0.05,-0.79
1033,a,0.14,-0.11,-0.95
1034,a,0.13,-0.13,-1.06
1035,a,0.09,-0.06,-1.29
1036,a,0.16,-0.05,-0.88
1037,a,0.17,-0.03,-0.84
1038,a,0.16,-0.15,-0.88
1039,l,11.56,,
1040,a,0.15,-0.15,-0.96
1041,a,0.03,-0.20,-1.09
1042,a,0.00,-0.14,-0.91
1043,a,0.13,0.02,-0.85
1044,a,0.07,-0.15,-0.82
1045,a,0.13,-0.19,-0.99
1046,a,0.12,-0.15,-1.15
1047,a,0.26,0.00,-0.82
1048,a,0.25,0.15,-1.10
1049,a,0.15,-0.07,-0.76
1050,a,0.22,-0.04,-0.90
1051,a,0.27,-0.13,-0.97
1052,a,0.16,-0.05,-1.15
1053,a,0.00,-0.15,-0.94
1054,a,0.19,-0.07,-0.70
1055,a,0.21,-0.13,-0.89
1056,a,0.21,-0.15,-1.09
1057,a,0.23,-0.10,-1.16
1058,a,0.19,-0.03,-0.97
1059,a,0.17,-0.08,-0.76
1060,a,0.15,-0.13,-0.86
1061,a,0.15,-0.13,-1.05
1062,a,0.01,-0.08,-1.39
1063,a,0.03,-0.02,-0.75
1064,a,0.04,-0.07,-0.88
1065,a,0.15,-0.11,-0.82
1066,a,0.19,-0.16,-0.94
1067,a,0.21,-0.18,-1.01
1068,a,0.25,-0.08,-0.81
1069,b,1005.63,,
1070,a,0.15,0.00,-1.03
1071,a,0.15,-0.11,-0.79
1072,a,0.17,-0.10,-0.95
1073,a,0.19,-0.11,-0.98
1074,a,0.17,-0.03,-1.11
1075,a,0.07,-0.06,-1.03
1076,a,0.23,-0.01,-0.83
1077,a,0.14,-0.09,-0.90
1078,a,0.16,-0.12,-1.01
1079,a,0.27,0.06,-1.27
1080,a,0.15,0.02,-1.09
1081,a,0.17,-0.04,-0.77
1082,a,0.15,-0.09,-0.87
1083,a,0.13,-0.09,-0.98
1084,a,0.13,0.01,-1.35
1085,a,-0.07,-0.10,-0.91
1086,a,0.16,0.00,-0.83
1087,a,0.12,-0.13,-0.83
1088,a,0.15,-0.14,-1.01
1089,a,0.12,-0.15,-1.05
1090,a,0.20,-0.10,-0.74
1091,a,0.12,0.07,-1.13
1092,a,0.11,-0.04,-0.89
1093,a,0.15,-0.03,-0.97
1094,a,0.23,-0.09,-0.98
1095,a,0.20,-0.03,-1.20
1096,a,0.04,-0.03,-1.03
1097,a,0.14,-0.08,-0.81
1098,a,0.14,-0.13,-0.85
1099,a,0.10,-0.09,-1.11
1100,a,0.13,-0.06,-1.13
1101,a,0.22,0.01,-0.93
1102,a,0.18,0.00,-0.91
1103,a,0.21,-0.03,-0.93
1104,a,0.17,-0.08,-0.95
1105,a,0.16,-0.12,-0.98
1106,a,0.10,-0.05,-0.98
1107,a,0.05,-0.08,-0.96
1108,a,0.17,-0.06,-0.77
1109,a,0.13,-0.10,-0.96
1110,a,0.12,-0.11,-1.05
1111,a,0.22,0.14,-1.37
1112,a,0.26,0.19,-1.10
1113,a,0.11,-0.06,-0.85
1114,a,0.15,-0.04,-0.93
1115,a,0.16,0.00,-1.06
1116,a,0.13,-0.04,-1.27
1117,a,0.00,-0.13,-0.87
1118,a,0.15,-0.03,-0.81
1119,a,0.21,-0.11,-0.85
1120,h,92.70,,
1121,a,0.17,-0.20,-1.01
1122,a,0.17,-0.09,-1.14
1123,a,0.24,0.00,-0.87
1124,a,0.14,0.00,-0.88
1125,a,0.13,-0.05,-0.88
1126,a,0.17,-0.05,-0.93
1127,a,0.07,-0.16,-0.96
1128,a,0.18,0.01,-1.05
1129,a,0.07,-0.06,-0.81
1130,a,0.18,-0.05,-0.85
1131,t,27.968,,
1132,a,0.14,-0.07,-1.18
1133,a,0.22,0.00,-0.73
1134,a,0.15,0.03,-1.01
1135,a,0.13,-0.09,-0.78
1136,a,0.18,-0.08,-0.91
1137,a,0.28,-0.13,-0.96
1138,a,0.24,0.02,-1.15
1139,a,0.12,0.00,-0.97
1140,a,0.17,-0.07,-0.80
1141,a,0.22,-0.09,-0.89
1142,a,0.19,-0.16,-0.98
1143,a,0.31,0.03,-0.93
1144,a,0.20,0.05,-1.07
1145,a,0.19,-0.04,-0.79
1146,a,0.22,-0.07,-0.92
1147,a,0.20,-0.10,-1.00
1148,a,0.29,0.03,-1.34
1149,a,0.04,-0.06,-0.96
1150,a,0.19,-0.08,-0.79
1151,a,0.21,-0.14,-0.89
1152,a,0.22,-0.13,-0.97
1153,a,0.22,-0.16,-1.06
1154,a,0.25,-0.04,-0.94
1155,a,0.24,-0.03,-0.75
1156,a,0.21,-0.11,-0.87
1157,a,0.24,-0.08,-0.97
1158,a,0.24,-0.14,-1.11
1159,a,0.22,-0.01,-0.97
1160,a,0.22,-0.02,-0.89
1161,a,0.25,-0.10,-0.79
1162,a,0.29,-0.13,-0.96
1163,a,0.30,-0.13,-1.02
1164,a,0.36,0.04,-0.81
1165,a,0.18,0.00,-0.91
1166,a,0.17,-0.02,-0.75
1167,a,0.18,-0.04,-0.85
1168,a,0.21,-0.14,-1.04
1169,b,1005.65,,
1170,a,0.25,0.14,-1.18
1171,a,0.01,0.01,-0.92
1172,a,0.19,0.00,-0.76
1173,a,0.19,-0.08,-0.80
1174,a,0.19,-0.11,-0.95
1175,a,0.33,0.20,-1.17
1176,a,0.13,0.13,-0.97
1177,a,0.10,-0.02,-0.74
1178,a,0.18,0.01,-0.90
1179,a,0.17,-0.05,-1.06
1180,a,0.13,0.01,-1.30
1181,a,-0.03,0.04,-0.99
1182,a,0.16,-0.01,-0.77
1183,a,0.17,-0.07,-0.89
1184,a,0.09,-0.02,-1.11
1185,a,0.02,-0.04,-1.35
1186,a,0.15,0.12,-0.97
1187,a,0.06,-0.04,-0.81
1188,a,0.10,-0.07,-0.79
1189,a,0.05,-0.06,-1.03
1190,a,0.10,0.13,-1.56
1191,a,-0.07,-0.10,-0.87
1192,a,0.08,-0.04,-0.80
1193,a,0.13,-0.06,-0.85
1194,a,0.07,-0.16,-1.01
1195,a,0.02,-0.12,-1.27
1196,a,0.18,0.00,-0.90
1197,a,0.05,-0.02,-0.85
1198,a,0.05,-0.13,-0.77
1199,a,0.08,-0.05,-0.99
1200,a,-0.05,-0.15,-1.10
1201,a,0.01,-0.07,-0.89
1202,a,0.00,-0.07,-0.84
1203,a,0.11,-0.11,-0.82
1204,a,0.14,-0.19,-0.93
1205,a,0.20,-0.13,-1.08
1206,a,0.24,-0.02,-0.97
1207,a,0.15,-0.03,-0.96
1208,a,0.17,-0.15,-0.74
1209,a,0.20,-0.13,-0.91
1210,a,0.25,-0.21,-0.93
1211,a,0.22,-0.01,-1.20
1212,a,0.09,-0.07,-0.93
1213,a,0.22,-0.15,-0.73
1214,a,0.19,-0.23,-0.81
1215,a,0.26,-0.18,-1.02
1216,a,0.26,0.00,-1.22
1217,a,0.19,-0.01,-0.99
1218,a,0.15,-0.16,-0.73
1219,a,0.16,-0.13,-0.85
1220,a,0.16,-0.12,-1.03
1221,a,0.12,-0.11,-1.18
1222,a,0.03,-0.16,-0.98
1223,a,0.26,-0.05,-0.77
1224,a,0.20,-0.13,-0.86
1225,a,0.14,-0.15,-1.05
1226,a,0.11,-0.17,-1.19
1227,a,0.20,-0.09,-0.80
1228,a,0.15,-0.07,-0.95
1229,a,0.06,-0.21,-0.78
1230,a,0.13,-0.13,-0.96
1231,a,0.18,-0.21,-0.88
1232,a,0.12,-0.13,-1.11
1233,a,0.06,-0.16,-0.84
1234,a,0.19,-0.17,-0.76
1235,a,0.18,-0.16,-0.96
1236,a,0.17,-0.16,-1.00
1237,a,0.14,-0.16,-1.07
1238,a,0.16,-0.14,-0.96
1239,a,0.20,-0.11,-0.79
1240,a,0.19,-0.15,-0.87
1241,a,0.22,-0.13,-0.96
1242,a,0.17,-0.16,-1.09
1243,a,0.21,-0.12,-0.87
1244,a,0.10,-0.12,-0.89
1245,a,0.22,-0.13,-0.83
1246,l,13.32,,
1247,a,0.17,-0.18,-0.91
1248,a,0.25,-0.19,-0.94
1249,a,0.32,0.04,-1.10
1250,a,0.17,0.02,-1.18
1251,a,0.21,-0.05,-0.76
1252,a,0.15,-0.15,-0.84
1253,a,0.14,-0.14,-0.97
1254,a,0.28,0.09,-1.25
1255,a,-0.10,-0.21,-1.03
1256,a,0.14,-0.16,-0.75
1257,a,0.02,-0.17,-0.93
1258,a,0.05,-0.16,-1.00
1259,a,0.28,0.11,-0.90
1260,a,0.10,0.05,-1.10
1261,a,0.11,0.00,-0.79
1262,a,0.07,0.03,-1.00
1263,a,0.03,-0.06,-0.88
1264,a,0.14,-0.01,-0.90
1265,a,0.08,0.00,-1.07
1266,a,0.14,-0.05,-0.84
1267,a,0.14,-0.03,-0.80
1268,a,0.11,-0.05,-0.91
1269,a,0.11,-0.19,-1.29
1270,a,0.32,0.06,-0.71
1271,a,0.16,-0.14,-0.80
1272,a,0.20,-0.06,-0.86
1273,a,0.16,-0.12,-0.74
1274,a,0.16,-0.17,-1.12
1275,a,0.05,-0.22,-1.14
1276,a,0.26,-0.12,-0.75
1277,a,0.14,-0.16,-0.77
1278,a,0.16,-0.03,-1.09
1279,a,0.15,0.05,-1.15
1280,a,0.23,-0.16,-0.77
1281,a,0.23,-0.02,-0.74
1282,a,0.20,0.04,-0.75
1283,a,0.13,-0.15,-1.11
1284,a,0.39,0.11,-1.55
1285,a,0.14,-0.02,-0.89
1286,a,0.17,-0.06,-0.83
1287,a,0.13,-0.10,-0.76
1288,a,0.18,0.00,-1.29
1289,a,0.31,-0.01,-0.89
1290,a,0.26,-0.10,-0.87
1291,a,0.24,-0.02,-0.89
1292,a,0.22,-0.03,-0.63
1293,a,0.21,-0.18,-1.01
1294,a,0.05,-0.07,-1.52
1295,a,0.12,-0.10,-0.89
1296,a,0.07,-0.07,-0.83
1297,a,0.00,-0.10,-0.94
1298,a,0.09,-0.04,-1.20
1299,a,0.28,0.15,-1.36
1300,a,0.08,-0.25,-0.75
1301,a,0.14,-0.12,-0.97
1302,a,0.21,-0.14,-0.80
1303,a,0.11,-0.31,-1.00
1304,a,0.14,-0.19,-1.21
1305,a,0.19,-0.22,-0.87
1306,h,90.70,,
1307,a,0.12,-0.28,-0.79
1308,a,0.16,-0.21,-1.07
1309,a,0.18,-0.37,-1.06
1310,a,0.37,-0.06,-0.82
1311,a,0.21,-0.13,-1.00
1312,a,0.21,-0.19,-0.77
1313,a,0.23,-0.17,-1.00
1314,a,0.16,-0.29,-0.94
1315,a,0.14,-0.19,-1.08
1316,a,0.06,-0.16,-0.93
1317,a,0.23,-0.18,-0.64
1318,a,0.17,-0.32,-0.87
1319,a,0.20,-0.31,-1.03
1320,a,0.22,-0.16,-1.27
1321,a,0.28,-0.21,-0.83
1322,a,0.27,-0.09,-0.84
1323,a,0.24,-0.19,-0.79
1324,a,0.27,-0.18,-0.95
1325,a,0.23,-0.33,-0.96
1326,a,0.28,-0.07,-0.93
1327,a,0.22,-0.10,-0.87
1328,a,0.19,-0.22,-0.86
1329,a,0.22,-0.30,-0.80
1330,a,0.27,-0.33,-0.97
1331,a,0.44,0.00,-0.83
1332,a,0.17,-0.08,-0.97
1333,a,0.16,-0.17,-0.82
1334,a,0.17,-0.22,-0.89
1335,a,0.15,-0.18,-0.99
1336,a,0.13,-0.17,-1.17
1337,a,-0.01,-0.19,-0.92
1338,a,0.14,-0.15,-0.79
1339,a,0.09,-0.22,-0.91
1340,a,0.07,-0.22,-1.09
1341,a,-0.09,-0.26,-1.42
1342,a,0.15,-0.09,-0.80
1343,a,0.10,-0.09,-0.84
1344,a,0.10,-0.14,-0.89
1345,a,0.05,-0.16,-1.00
1346,a,-0.02,-0.06,-1.28
1347,a,-0.20,-0.21,-0.84
1348,a,0.03,-0.07,-0.82
1349,a,0.05,-0.08,-0.91
1350,a,0.03,0.02,-1.01
1351,t,28.187,,
1352,a,0.00,0.03,-1.09
1353,b,1005.71,,
1354,a,0.04,-0.11,-0.85
1355,a,0.12,0.02,-1.01
1356,a,0.05,-0.02,-0.75
1357,a,-0.02,-0.13,-0.92
1358,a,-0.01,-0.27,-1.00
1359,a,-0.02,-0.17,-0.94
1360,a,-0.03,-0.15,-0.68
1361,a,0.06,-0.12,-0.79
1362,a,0.18,-0.33,-1.27
1363,a,0.40,0.00,-1.04
1364,a,0.21,-0.18,-0.92
1365,a,0.23,-0.09,-0.85
1366,a,0.24,0.02,-0.69
1367,a,0.08,-0.17,-1.10
1368,a,0.30,-0.02,-1.39
1369,a,0.00,-0.23,-0.90
1370,a,0.11,-0.06,-0.61
1371,a,0.12,-0.01,-0.86
1372,a,0.03,-0.11,-1.31
1373,a,0.18,0.02,-1.06
1374,a,0.16,-0.09,-0.76
1375,a,0.14,-0.02,-0.76
1376,a,0.17,0.00,-0.75
1377,a,-0.24,-0.18,-1.38
1378,a,0.09,-0.12,-1.04
1379,a,0.03,-0.20,-0.81
1380,a,0.07,-0.09,-0.84
1381,a,0.05,-0.14,-1.00
1382,a,0.15,0.09,-1.27
1383,a,0.14,-0.03,-0.90
1384,a,0.11,0.00,-0.95
1385,a,0.16,0.01,-0.80
1386,a,0.07,-0.12,-1.05
1387,a,0.10,-0.10,-1.29
1388,a,0.06,-0.14,-0.97
1389,a,0.03,-0.18,-0.74
1390,a,0.08,-0.14,-0.79
1391,a,0.17,-0.16,-1.06
1392,a,0.15,-0.24,-1.23
1393,a,0.29,0.04,-0.99
1394,a,0.06,-0.13,-0.78
1395,a,0.05,-0.08,-1.07
1396,a,0.07,-0.27,-1.15
1397,a,0.13,0.07,-1.02
1398,a,-0.05,-0.13,-0.64
1399,a,-0.47,-0.75,-0.97
1400,a,0.45,0.03,-1.27
1401,a,0.22,-0.04,-0.99
1402,a,0.41,0.69,-1.00
1403,a,0.01,0.27,-0.90
1404,a,0.00,0.07,-0.74
1405,a,0.09,0.08,-1.04
1406,a,0.13,0.04,-1.12
1407,a,0.17,0.27,-1.32
1408,a,-0.06,-0.04,-1.05
1409,a,0.16,0.08,-0.76
1410,a,0.23,0.08,-0.99
1411,a,0.12,0.05,-1.06
1412,a,0.19,0.08,-1.20
1413,a,0.21,0.02,-0.80
1414,a,0.19,0.19,-0.88
1415,a,0.21,0.00,-0.82
1416,a,0.29,0.09,-1.03
1417,a,0.34,0.06,-1.01
1418,a,0.27,0.22,-1.14
1419,a,-0.03,-0.11,-0.97
1420,a,0.31,0.08,-0.68
1421,a,0.26,0.00,-0.99
1422,a,0.27,0.00,-0.91
1423,a,0.25,-0.11,-0.97
1424,a,0.35,0.24,-0.86
1425,a,0.07,-0.04,-1.04
1426,a,0.25,0.01,-0.67
1427,a,0.28,-0.01,-0.91
1428,a,0.29,0.06,-0.98
1429,a,0.12,-0.03,-1.24
1430,a,0.03,-0.08,-0.72
1431,a,0.24,0.04,-0.80
1432,a,0.21,-0.15,-0.82
1433,a,0.34,-0.07,-0.98
1434,a,0.29,-0.12,-0.92
1435,a,0.35,0.08,-1.18
1436,a,0.24,-0.09,-0.86
1437,a,0.34,0.12,-0.81
1438,a,0.32,-0.03,-0.81
1439,a,0.31,-0.11,-0.93
1440,a,0.37,-0.03,-0.94
1441,a,0.28,-0.08,-1.08
1442,l,25.28,,
1443,a,0.19,-0.02,-1.02
1444,a,0.22,0.01,-0.78
1445,a,0.21,-0.08,-0.90
1446,a,0.25,-0.03,-1.04
1447,a,0.21,-0.16,-1.02
1448,a,0.31,0.00,-0.84
1449,a,0.26,0.07,-1.01
1450,a,0.26,-0.04,-0.79
1451,a,0.35,0.05,-0.99
1452,a,0.35,0.15,-1.11
1453,a,0.20,0.11,-1.22
1454,a,0.07,-0.07,-0.80
1455,a,0.20,0.02,-0.79
1456,a,0.26,0.00,-0.83
1457,a,0.28,0.01,-1.06
1458,a,0.31,-0.01,-0.88
1459,a,0.32,0.19,-0.94
1460,a,0.19,0.10,-1.10
1461,a,0.25,0.02,-0.74
1462,a,0.29,0.08,-1.02
1463,a,0.26,0.05,-1.02
1464,a,0.21,0.08,-1.26
1465,a,0.01,-0.15,-0.50
1466,a,0.16,-0.05,-0.74
1467,a,0.27,-0.02,-0.90
1468,a,0.29,-0.05,-0.95
1469,t,28.093,,
1470,a,0.27,-0.10,-1.06
1471,a,0.33,0.05,-0.91
1472,a,0.27,0.07,-1.03
1473,a,0.32,0.00,-0.77
1474,a,0.38,-0.03,-0.89
1475,a,0.39,-0.03,-1.05
1476,a,0.31,0.00,-1.18
1477,a,0.11,-0.12,-0.89
1478,a,0.24,-0.09,-0.72
1479,a,0.26,-0.12,-0.84
1480,a,0.34,-0.17,-0.92
1481,a,0.42,-0.12,-0.90
1482,a,0.40,0.14,-1.15
1483,a,0.26,0.07,-0.89
1484,a,0.29,-0.02,-0.79
1485,a,0.35,-0.01,-0.90
1486,a,0.32,-0.08,-0.92
1487,a,0.21,-0.18,-1.13
1488,a,0.23,-0.02,-0.86
1489,a,0.15,-0.07,-0.82
1490,a,0.27,-0.02,-0.81
1491,a,0.35,-0.06,-0.89
1492,a,0.38,0.01,-1.06
1493,a,0.27,-0.08,-1.08
1494,a,0.35,0.04,-0.79
1495,a,0.20,0.01,-0.90
1496,h,89.33,,
1497,a,0.24,-0.04,-0.84
1498,a,0.28,-0.03,-0.91
1499,a,0.28,-0.04,-0.97
1500,a,0.17,0.08,-1.24
1501,a,-0.04,-0.10,-0.90
1502,a,0.13,-0.01,-0.90
1503,a,0.13,-0.08,-0.91
1504,a,0.19,-0.05,-0.95
1505,a,0.17,-0.11,-1.11
1506,a,0.37,0.06,-0.79
1507,a,0.16,0.08,-1.16
1508,a,0.21,0.08,-0.88
1509,a,0.24,0.07,-0.95
1510,a,0.34,0.09,-0.84
1511,a,0.31,0.11,-0.95
1512,a,0.15,-0.16,-0.93
1513,a,0.26,0.01,-0.93
1514,a,0.19,-0.10,-0.92
1515,a,0.23,-0.05,-0.91
1516,a,0.25,-0.01,-0.99
1517,a,0.21,-0.05,-0.94
1518,a,0.10,-0.05,-0.95
1519,a,0.13,-0.06,-0.89
1520,a,0.21,-0.11,-0.92
1521,a,0.27,-0.08,-1.12
1522,a,0.16,-0.06,-0.77
1523,a,0.13,0.01,-0.93
1524,a,0.20,0.09,-1.01
1525,a,0.25,0.02,-0.92
1526,a,0.22,0.09,-0.97
1527,a,0.27,0.12,-0.92
1528,a,0.30,0.17,-1.01
1529,a,0.32,0.13,-0.93
1530,a,0.31,0.10,-0.90
1531,a,0.28,0.09,-0.94
1532,a,0.24,0.06,-0.92
1533,a,0.26,0.07,-0.95
1534,a,0.24,0.06,-0.94
1535,a,0.27,0.09,-0.93
1536,a,0.28,0.05,-0.92
1537,a,0.29,0.05,-0.91
1538,a,0.31,0.07,-0.95
1539,a,0.23,0.04,-0.86
1540,a,0.26,0.09,-0.92
1541,a,0.30,0.04,-0.96
1542,a,0.28,0.09,-0.93
1543,a,0.27,0.04,-0.89
1544,a,0.32,0.12,-0.96
1545,a,0.23,0.04,-0.96
1546,a,0.31,0.04,-0.94
1547,a,0.20,0.04,-0.92
1548,a,0.32,0.13,-0.90
1549,a,0.24,0.03,-0.91
1550,a,0.33,0.12,-0.99
1551,a,0.27,0.05,-0.96
1552,a,0.30,0.11,-0.94
1553,a,0.28,0.03,-0.86
1554,a,0.35,0.11,-0.93
1555,a,0.23,-0.04,-0.93
1556,a,0.34,0.12,-0.94
1557,a,0.27,0.06,-0.95
1558,a,0.31,0.02,-0.94
1559,a,0.32,0.05,-0.92
1560,a,0.31,0.06,-0.93
1561,a,0.30,0.06,-0.91
1562,a,0.31,0.05,-0.92
1563,a,0.31,0.05,-0.91
1564,a,0.31,0.05,-0.92
1565,a,0.32,0.03,-0.91
1566,a,0.33,0.02,-0.90
1567,a,0.33,0.04,-0.94
1568,a,0.33,0.02,-0.92
1569,a,0.36,0.03,-0.88
1570,a,0.36,0.03,-0.92
1571,a,0.35,0.02,-0.93
1572,b,1005.95,,
1573,a,0.33,0.03,-0.90
1574,a,0.36,0.03,-0.91
1575,a,0.35,0.04,-0.93
1576,a,0.36,0.04,-0.90
1577,a,0.37,0.03,-0.90
1578,a,0.37,0.05,-0.92
1579,a,0.38,0.04,-0.89
1580,a,0.37,0.04,-0.92
1581,a,0.36,0.04,-0.92
1582,a,0.35,0.05,-0.92
1583,a,0.35,0.04,-0.92
1584,a,0.35,0.02,-0.91
1585,a,0.35,0.02,-0.92
1586,a,0.36,0.03,-0.90
1587,a,0.37,0.02,-0.90
1588,a,0.36,0.02,-0.91
1589,a,0.37,0.03,-0.92
1590,a,0.36,0.03,-0.90
1591,a,0.37,0.02,-0.90
1592,a,0.37,0.02,-0.90
1593,a,0.36,0.01,-0.89
1594,a,0.36,0.02,-0.89
1595,a,0.36,0.01,-0.90
1596,a,0.35,0.02,-0.92
1597,a,0.36,0.01,-0.90
1598,a,0.37,0.03,-0.91
1599,a,0.36,0.00,-0.91
1600,a,0.36,0.01,-0.90